 5184   Scan angles: step 15 (+-1)
   0   0   0
  15   0   0
  30   0   0
  45   0   0
  60   0   0
  75   0   0
  90   0   0
 105   0   0
 120   0   0
 135   0   0
 150   0   0
 165   0   0
 180   0   0
 195   0   0
 210   0   0
 225   0   0
 240   0   0
 255   0   0
 270   0   0
 285   0   0
 300   0   0
 315   0   0
 330   0   0
 345   0   0
   5  14   0
  20  14   0
  35  14   0
  50  14   0
  65  14   0
  80  14   0
  95  14   0
 110  14   0
 125  14   0
 140  14   0
 155  14   0
 170  14   0
 185  14   0
 200  14   0
 215  14   0
 230  14   0
 245  14   0
 260  14   0
 275  14   0
 290  14   0
 305  14   0
 320  14   0
 335  14   0
 350  14   0
   0  28   0
  15  28   0
  30  28   0
  45  28   0
  60  28   0
  75  28   0
  90  28   0
 105  28   0
 120  28   0
 135  28   0
 150  28   0
 165  28   0
 180  28   0
 195  28   0
 210  28   0
 225  28   0
 240  28   0
 255  28   0
 270  28   0
 285  28   0
 300  28   0
 315  28   0
 330  28   0
 345  28   0
   5  42   0
  20  42   0
  35  42   0
  50  42   0
  65  42   0
  80  42   0
  95  42   0
 110  42   0
 125  42   0
 140  42   0
 155  42   0
 170  42   0
 185  42   0
 200  42   0
 215  42   0
 230  42   0
 245  42   0
 260  42   0
 275  42   0
 290  42   0
 305  42   0
 320  42   0
 335  42   0
 350  42   0
   0  56   0
  15  56   0
  30  56   0
  45  56   0
  60  56   0
  75  56   0
  90  56   0
 105  56   0
 120  56   0
 135  56   0
 150  56   0
 165  56   0
 180  56   0
 195  56   0
 210  56   0
 225  56   0
 240  56   0
 255  56   0
 270  56   0
 285  56   0
 300  56   0
 315  56   0
 330  56   0
 345  56   0
   5  70   0
  20  70   0
  35  70   0
  50  70   0
  65  70   0
  80  70   0
  95  70   0
 110  70   0
 125  70   0
 140  70   0
 155  70   0
 170  70   0
 185  70   0
 200  70   0
 215  70   0
 230  70   0
 245  70   0
 260  70   0
 275  70   0
 290  70   0
 305  70   0
 320  70   0
 335  70   0
 350  70   0
   0  84   0
  15  84   0
  30  84   0
  45  84   0
  60  84   0
  75  84   0
  90  84   0
 105  84   0
 120  84   0
 135  84   0
 150  84   0
 165  84   0
 180  84   0
 195  84   0
 210  84   0
 225  84   0
 240  84   0
 255  84   0
 270  84   0
 285  84   0
 300  84   0
 315  84   0
 330  84   0
 345  84   0
   5  98   0
  20  98   0
  35  98   0
  50  98   0
  65  98   0
  80  98   0
  95  98   0
 110  98   0
 125  98   0
 140  98   0
 155  98   0
 170  98   0
 185  98   0
 200  98   0
 215  98   0
 230  98   0
 245  98   0
 260  98   0
 275  98   0
 290  98   0
 305  98   0
 320  98   0
 335  98   0
 350  98   0
   0 112   0
  15 112   0
  30 112   0
  45 112   0
  60 112   0
  75 112   0
  90 112   0
 105 112   0
 120 112   0
 135 112   0
 150 112   0
 165 112   0
 180 112   0
 195 112   0
 210 112   0
 225 112   0
 240 112   0
 255 112   0
 270 112   0
 285 112   0
 300 112   0
 315 112   0
 330 112   0
 345 112   0
   5 126   0
  20 126   0
  35 126   0
  50 126   0
  65 126   0
  80 126   0
  95 126   0
 110 126   0
 125 126   0
 140 126   0
 155 126   0
 170 126   0
 185 126   0
 200 126   0
 215 126   0
 230 126   0
 245 126   0
 260 126   0
 275 126   0
 290 126   0
 305 126   0
 320 126   0
 335 126   0
 350 126   0
   0 140   0
  15 140   0
  30 140   0
  45 140   0
  60 140   0
  75 140   0
  90 140   0
 105 140   0
 120 140   0
 135 140   0
 150 140   0
 165 140   0
 180 140   0
 195 140   0
 210 140   0
 225 140   0
 240 140   0
 255 140   0
 270 140   0
 285 140   0
 300 140   0
 315 140   0
 330 140   0
 345 140   0
   5 154   0
  20 154   0
  35 154   0
  50 154   0
  65 154   0
  80 154   0
  95 154   0
 110 154   0
 125 154   0
 140 154   0
 155 154   0
 170 154   0
 185 154   0
 200 154   0
 215 154   0
 230 154   0
 245 154   0
 260 154   0
 275 154   0
 290 154   0
 305 154   0
 320 154   0
 335 154   0
 350 154   0
   0 168   0
  15 168   0
  30 168   0
  45 168   0
  60 168   0
  75 168   0
  90 168   0
 105 168   0
 120 168   0
 135 168   0
 150 168   0
 165 168   0
 180 168   0
 195 168   0
 210 168   0
 225 168   0
 240 168   0
 255 168   0
 270 168   0
 285 168   0
 300 168   0
 315 168   0
 330 168   0
 345 168   0
   8 179   7
  23 179   7
  38 179   7
  53 179   7
  68 179   7
  83 179   7
  98 179   7
 113 179   7
 128 179   7
 143 179   7
 158 179   7
 173 179   7
 188 179   7
 203 179   7
 218 179   7
 233 179   7
 248 179   7
 263 179   7
 278 179   7
 293 179   7
 308 179   7
 323 179   7
 338 179   7
 353 179   7
   8   5  12
  23   5  12
  38   5  12
  53   5  12
  68   5  12
  83   5  12
  98   5  12
 113   5  12
 128   5  12
 143   5  12
 158   5  12
 173   5  12
 188   5  12
 203   5  12
 218   5  12
 233   5  12
 248   5  12
 263   5  12
 278   5  12
 293   5  12
 308   5  12
 323   5  12
 338   5  12
 353   5  12
   7  23  12
  22  23  12
  37  23  12
  52  23  12
  67  23  12
  82  23  12
  97  23  12
 112  23  12
 127  23  12
 142  23  12
 157  23  12
 172  23  12
 187  23  12
 202  23  12
 217  23  12
 232  23  12
 247  23  12
 262  23  12
 277  23  12
 292  23  12
 307  23  12
 322  23  12
 337  23  12
 352  23  12
  13  47  12
  28  47  12
  43  47  12
  58  47  12
  73  47  12
  88  47  12
 103  47  12
 118  47  12
 133  47  12
 148  47  12
 163  47  12
 178  47  12
 193  47  12
 208  47  12
 223  47  12
 238  47  12
 253  47  12
 268  47  12
 283  47  12
 298  47  12
 313  47  12
 328  47  12
 343  47  12
 358  47  12
   8  61  12
  23  61  12
  38  61  12
  53  61  12
  68  61  12
  83  61  12
  98  61  12
 113  61  12
 128  61  12
 143  61  12
 158  61  12
 173  61  12
 188  61  12
 203  61  12
 218  61  12
 233  61  12
 248  61  12
 263  61  12
 278  61  12
 293  61  12
 308  61  12
 323  61  12
 338  61  12
 353  61  12
   7  79  12
  22  79  12
  37  79  12
  52  79  12
  67  79  12
  82  79  12
  97  79  12
 112  79  12
 127  79  12
 142  79  12
 157  79  12
 172  79  12
 187  79  12
 202  79  12
 217  79  12
 232  79  12
 247  79  12
 262  79  12
 277  79  12
 292  79  12
 307  79  12
 322  79  12
 337  79  12
 352  79  12
  13 103  12
  28 103  12
  43 103  12
  58 103  12
  73 103  12
  88 103  12
 103 103  12
 118 103  12
 133 103  12
 148 103  12
 163 103  12
 178 103  12
 193 103  12
 208 103  12
 223 103  12
 238 103  12
 253 103  12
 268 103  12
 283 103  12
 298 103  12
 313 103  12
 328 103  12
 343 103  12
 358 103  12
   8 117  12
  23 117  12
  38 117  12
  53 117  12
  68 117  12
  83 117  12
  98 117  12
 113 117  12
 128 117  12
 143 117  12
 158 117  12
 173 117  12
 188 117  12
 203 117  12
 218 117  12
 233 117  12
 248 117  12
 263 117  12
 278 117  12
 293 117  12
 308 117  12
 323 117  12
 338 117  12
 353 117  12
   7 135  12
  22 135  12
  37 135  12
  52 135  12
  67 135  12
  82 135  12
  97 135  12
 112 135  12
 127 135  12
 142 135  12
 157 135  12
 172 135  12
 187 135  12
 202 135  12
 217 135  12
 232 135  12
 247 135  12
 262 135  12
 277 135  12
 292 135  12
 307 135  12
 322 135  12
 337 135  12
 352 135  12
  13 159  12
  28 159  12
  43 159  12
  58 159  12
  73 159  12
  88 159  12
 103 159  12
 118 159  12
 133 159  12
 148 159  12
 163 159  12
 178 159  12
 193 159  12
 208 159  12
 223 159  12
 238 159  12
 253 159  12
 268 159  12
 283 159  12
 298 159  12
 313 159  12
 328 159  12
 343 159  12
 358 159  12
   2  35  19
  17  35  19
  32  35  19
  47  35  19
  62  35  19
  77  35  19
  92  35  19
 107  35  19
 122  35  19
 137  35  19
 152  35  19
 167  35  19
 182  35  19
 197  35  19
 212  35  19
 227  35  19
 242  35  19
 257  35  19
 272  35  19
 287  35  19
 302  35  19
 317  35  19
 332  35  19
 347  35  19
   2  91  19
  17  91  19
  32  91  19
  47  91  19
  62  91  19
  77  91  19
  92  91  19
 107  91  19
 122  91  19
 137  91  19
 152  91  19
 167  91  19
 182  91  19
 197  91  19
 212  91  19
 227  91  19
 242  91  19
 257  91  19
 272  91  19
 287  91  19
 302  91  19
 317  91  19
 332  91  19
 347  91  19
   2 147  19
  17 147  19
  32 147  19
  47 147  19
  62 147  19
  77 147  19
  92 147  19
 107 147  19
 122 147  19
 137 147  19
 152 147  19
 167 147  19
 182 147  19
 197 147  19
 212 147  19
 227 147  19
 242 147  19
 257 147  19
 272 147  19
 287 147  19
 302 147  19
 317 147  19
 332 147  19
 347 147  19
  10 171  19
  25 171  19
  40 171  19
  55 171  19
  70 171  19
  85 171  19
 100 171  19
 115 171  19
 130 171  19
 145 171  19
 160 171  19
 175 171  19
 190 171  19
 205 171  19
 220 171  19
 235 171  19
 250 171  19
 265 171  19
 280 171  19
 295 171  19
 310 171  19
 325 171  19
 340 171  19
 355 171  19
  14   0  24
  29   0  24
  44   0  24
  59   0  24
  74   0  24
  89   0  24
 104   0  24
 119   0  24
 134   0  24
 149   0  24
 164   0  24
 179   0  24
 194   0  24
 209   0  24
 224   0  24
 239   0  24
 254   0  24
 269   0  24
 284   0  24
 299   0  24
 314   0  24
 329   0  24
 344   0  24
 359   0  24
  11  15  24
  26  15  24
  41  15  24
  56  15  24
  71  15  24
  86  15  24
 101  15  24
 116  15  24
 131  15  24
 146  15  24
 161  15  24
 176  15  24
 191  15  24
 206  15  24
 221  15  24
 236  15  24
 251  15  24
 266  15  24
 281  15  24
 296  15  24
 311  15  24
 326  15  24
 341  15  24
 356  15  24
   7  52  24
  22  52  24
  37  52  24
  52  52  24
  67  52  24
  82  52  24
  97  52  24
 112  52  24
 127  52  24
 142  52  24
 157  52  24
 172  52  24
 187  52  24
 202  52  24
 217  52  24
 232  52  24
 247  52  24
 262  52  24
 277  52  24
 292  52  24
 307  52  24
 322  52  24
 337  52  24
 352  52  24
   1  68  24
  16  68  24
  31  68  24
  46  68  24
  61  68  24
  76  68  24
  91  68  24
 106  68  24
 121  68  24
 136  68  24
 151  68  24
 166  68  24
 181  68  24
 196  68  24
 211  68  24
 226  68  24
 241  68  24
 256  68  24
 271  68  24
 286  68  24
 301  68  24
 316  68  24
 331  68  24
 346  68  24
   7 108  24
  22 108  24
  37 108  24
  52 108  24
  67 108  24
  82 108  24
  97 108  24
 112 108  24
 127 108  24
 142 108  24
 157 108  24
 172 108  24
 187 108  24
 202 108  24
 217 108  24
 232 108  24
 247 108  24
 262 108  24
 277 108  24
 292 108  24
 307 108  24
 322 108  24
 337 108  24
 352 108  24
   1 124  24
  16 124  24
  31 124  24
  46 124  24
  61 124  24
  76 124  24
  91 124  24
 106 124  24
 121 124  24
 136 124  24
 151 124  24
 166 124  24
 181 124  24
 196 124  24
 211 124  24
 226 124  24
 241 124  24
 256 124  24
 271 124  24
 286 124  24
 301 124  24
 316 124  24
 331 124  24
 346 124  24
  14 158  27
  29 158  27
  44 158  27
  59 158  27
  74 158  27
  89 158  27
 104 158  27
 119 158  27
 134 158  27
 149 158  27
 164 158  27
 179 158  27
 194 158  27
 209 158  27
 224 158  27
 239 158  27
 254 158  27
 269 158  27
 284 158  27
 299 158  27
 314 158  27
 329 158  27
 344 158  27
 359 158  27
   6 179  30
  21 179  30
  36 179  30
  51 179  30
  66 179  30
  81 179  30
  96 179  30
 111 179  30
 126 179  30
 141 179  30
 156 179  30
 171 179  30
 186 179  30
 201 179  30
 216 179  30
 231 179  30
 246 179  30
 261 179  30
 276 179  30
 291 179  30
 306 179  30
 321 179  30
 336 179  30
 351 179  30
   7  29  31
  22  29  31
  37  29  31
  52  29  31
  67  29  31
  82  29  31
  97  29  31
 112  29  31
 127  29  31
 142  29  31
 157  29  31
 172  29  31
 187  29  31
 202  29  31
 217  29  31
 232  29  31
 247  29  31
 262  29  31
 277  29  31
 292  29  31
 307  29  31
 322  29  31
 337  29  31
 352  29  31
   0  81  31
  15  81  31
  30  81  31
  45  81  31
  60  81  31
  75  81  31
  90  81  31
 105  81  31
 120  81  31
 135  81  31
 150  81  31
 165  81  31
 180  81  31
 195  81  31
 210  81  31
 225  81  31
 240  81  31
 255  81  31
 270  81  31
 285  81  31
 300  81  31
 315  81  31
 330  81  31
 345  81  31
   0 137  31
  15 137  31
  30 137  31
  45 137  31
  60 137  31
  75 137  31
  90 137  31
 105 137  31
 120 137  31
 135 137  31
 150 137  31
 165 137  31
 180 137  31
 195 137  31
 210 137  31
 225 137  31
 240 137  31
 255 137  31
 270 137  31
 285 137  31
 300 137  31
 315 137  31
 330 137  31
 345 137  31
   0  96  35
  15  96  35
  30  96  35
  45  96  35
  60  96  35
  75  96  35
  90  96  35
 105  96  35
 120  96  35
 135  96  35
 150  96  35
 165  96  35
 180  96  35
 195  96  35
 210  96  35
 225  96  35
 240  96  35
 255  96  35
 270  96  35
 285  96  35
 300  96  35
 315  96  35
 330  96  35
 345  96  35
   9   5  36
  24   5  36
  39   5  36
  54   5  36
  69   5  36
  84   5  36
  99   5  36
 114   5  36
 129   5  36
 144   5  36
 159   5  36
 174   5  36
 189   5  36
 204   5  36
 219   5  36
 234   5  36
 249   5  36
 264   5  36
 279   5  36
 294   5  36
 309   5  36
 324   5  36
 339   5  36
 354   5  36
   9  44  36
  24  44  36
  39  44  36
  54  44  36
  69  44  36
  84  44  36
  99  44  36
 114  44  36
 129  44  36
 144  44  36
 159  44  36
 174  44  36
 189  44  36
 204  44  36
 219  44  36
 234  44  36
 249  44  36
 264  44  36
 279  44  36
 294  44  36
 309  44  36
 324  44  36
 339  44  36
 354  44  36
   6  63  36
  21  63  36
  36  63  36
  51  63  36
  66  63  36
  81  63  36
  96  63  36
 111  63  36
 126  63  36
 141  63  36
 156  63  36
 171  63  36
 186  63  36
 201  63  36
 216  63  36
 231  63  36
 246  63  36
 261  63  36
 276  63  36
 291  63  36
 306  63  36
 321  63  36
 336  63  36
 351  63  36
   2 113  36
  17 113  36
  32 113  36
  47 113  36
  62 113  36
  77 113  36
  92 113  36
 107 113  36
 122 113  36
 137 113  36
 152 113  36
 167 113  36
 182 113  36
 197 113  36
 212 113  36
 227 113  36
 242 113  36
 257 113  36
 272 113  36
 287 113  36
 302 113  36
 317 113  36
 332 113  36
 347 113  36
   1 150  39
  16 150  39
  31 150  39
  46 150  39
  61 150  39
  76 150  39
  91 150  39
 106 150  39
 121 150  39
 136 150  39
 151 150  39
 166 150  39
 181 150  39
 196 150  39
 211 150  39
 226 150  39
 241 150  39
 256 150  39
 271 150  39
 286 150  39
 301 150  39
 316 150  39
 331 150  39
 346 150  39
   4 167  40
  19 167  40
  34 167  40
  49 167  40
  64 167  40
  79 167  40
  94 167  40
 109 167  40
 124 167  40
 139 167  40
 154 167  40
 169 167  40
 184 167  40
 199 167  40
 214 167  40
 229 167  40
 244 167  40
 259 167  40
 274 167  40
 289 167  40
 304 167  40
 319 167  40
 334 167  40
 349 167  40
  10  20  43
  25  20  43
  40  20  43
  55  20  43
  70  20  43
  85  20  43
 100  20  43
 115  20  43
 130  20  43
 145  20  43
 160  20  43
 175  20  43
 190  20  43
 205  20  43
 220  20  43
 235  20  43
 250  20  43
 265  20  43
 280  20  43
 295  20  43
 310  20  43
 325  20  43
 340  20  43
 355  20  43
   3 128  43
  18 128  43
  33 128  43
  48 128  43
  63 128  43
  78 128  43
  93 128  43
 108 128  43
 123 128  43
 138 128  43
 153 128  43
 168 128  43
 183 128  43
 198 128  43
 213 128  43
 228 128  43
 243 128  43
 258 128  43
 273 128  43
 288 128  43
 303 128  43
 318 128  43
 333 128  43
 348 128  43
   6  78  44
  21  78  44
  36  78  44
  51  78  44
  66  78  44
  81  78  44
  96  78  44
 111  78  44
 126  78  44
 141  78  44
 156  78  44
 171  78  44
 186  78  44
 201  78  44
 216  78  44
 231  78  44
 246  78  44
 261  78  44
 276  78  44
 291  78  44
 306  78  44
 321  78  44
 336  78  44
 351  78  44
   6  51  48
  21  51  48
  36  51  48
  51  51  48
  66  51  48
  81  51  48
  96  51  48
 111  51  48
 126  51  48
 141  51  48
 156  51  48
 171  51  48
 186  51  48
 201  51  48
 216  51  48
 231  51  48
 246  51  48
 261  51  48
 276  51  48
 291  51  48
 306  51  48
 321  51  48
 336  51  48
 351  51  48
   9  98  48
  24  98  48
  39  98  48
  54  98  48
  69  98  48
  84  98  48
  99  98  48
 114  98  48
 129  98  48
 144  98  48
 159  98  48
 174  98  48
 189  98  48
 204  98  48
 219  98  48
 234  98  48
 249  98  48
 264  98  48
 279  98  48
 294  98  48
 309  98  48
 324  98  48
 339  98  48
 354  98  48
  12   0  49
  27   0  49
  42   0  49
  57   0  49
  72   0  49
  87   0  49
 102   0  49
 117   0  49
 132   0  49
 147   0  49
 162   0  49
 177   0  49
 192   0  49
 207   0  49
 222   0  49
 237   0  49
 252   0  49
 267   0  49
 282   0  49
 297   0  49
 312   0  49
 327   0  49
 342   0  49
 357   0  49
   5 179  50
  20 179  50
  35 179  50
  50 179  50
  65 179  50
  80 179  50
  95 179  50
 110 179  50
 125 179  50
 140 179  50
 155 179  50
 170 179  50
 185 179  50
 200 179  50
 215 179  50
 230 179  50
 245 179  50
 260 179  50
 275 179  50
 290 179  50
 305 179  50
 320 179  50
 335 179  50
 350 179  50
   5 144  52
  20 144  52
  35 144  52
  50 144  52
  65 144  52
  80 144  52
  95 144  52
 110 144  52
 125 144  52
 140 144  52
 155 144  52
 170 144  52
 185 144  52
 200 144  52
 215 144  52
 230 144  52
 245 144  52
 260 144  52
 275 144  52
 290 144  52
 305 144  52
 320 144  52
 335 144  52
 350 144  52
  10  30  54
  25  30  54
  40  30  54
  55  30  54
  70  30  54
  85  30  54
 100  30  54
 115  30  54
 130  30  54
 145  30  54
 160  30  54
 175  30  54
 190  30  54
 205  30  54
 220  30  54
 235  30  54
 250  30  54
 265  30  54
 280  30  54
 295  30  54
 310  30  54
 325  30  54
 340  30  54
 355  30  54
   2 117  54
  17 117  54
  32 117  54
  47 117  54
  62 117  54
  77 117  54
  92 117  54
 107 117  54
 122 117  54
 137 117  54
 152 117  54
 167 117  54
 182 117  54
 197 117  54
 212 117  54
 227 117  54
 242 117  54
 257 117  54
 272 117  54
 287 117  54
 302 117  54
 317 117  54
 332 117  54
 347 117  54
  11  67  57
  26  67  57
  41  67  57
  56  67  57
  71  67  57
  86  67  57
 101  67  57
 116  67  57
 131  67  57
 146  67  57
 161  67  57
 176  67  57
 191  67  57
 206  67  57
 221  67  57
 236  67  57
 251  67  57
 266  67  57
 281  67  57
 296  67  57
 311  67  57
 326  67  57
 341  67  57
 356  67  57
  13 163  60
  28 163  60
  43 163  60
  58 163  60
  73 163  60
  88 163  60
 103 163  60
 118 163  60
 133 163  60
 148 163  60
 163 163  60
 178 163  60
 193 163  60
 208 163  60
 223 163  60
 238 163  60
 253 163  60
 268 163  60
 283 163  60
 298 163  60
 313 163  60
 328 163  60
 343 163  60
 358 163  60
  11  92  61
  26  92  61
  41  92  61
  56  92  61
  71  92  61
  86  92  61
 101  92  61
 116  92  61
 131  92  61
 146  92  61
 161  92  61
 176  92  61
 191  92  61
 206  92  61
 221  92  61
 236  92  61
 251  92  61
 266  92  61
 281  92  61
 296  92  61
 311  92  61
 326  92  61
 341  92  61
 356  92  61
   5   1  62
  20   1  62
  35   1  62
  50   1  62
  65   1  62
  80   1  62
  95   1  62
 110   1  62
 125   1  62
 140   1  62
 155   1  62
 170   1  62
 185   1  62
 200   1  62
 215   1  62
 230   1  62
 245   1  62
 260   1  62
 275   1  62
 290   1  62
 305   1  62
 320   1  62
 335   1  62
 350   1  62
   0  45  65
  15  45  65
  30  45  65
  45  45  65
  60  45  65
  75  45  65
  90  45  65
 105  45  65
 120  45  65
 135  45  65
 150  45  65
 165  45  65
 180  45  65
 195  45  65
 210  45  65
 225  45  65
 240  45  65
 255  45  65
 270  45  65
 285  45  65
 300  45  65
 315  45  65
 330  45  65
 345  45  65
   3 127  66
  18 127  66
  33 127  66
  48 127  66
  63 127  66
  78 127  66
  93 127  66
 108 127  66
 123 127  66
 138 127  66
 153 127  66
 168 127  66
 183 127  66
 198 127  66
 213 127  66
 228 127  66
 243 127  66
 258 127  66
 273 127  66
 288 127  66
 303 127  66
 318 127  66
 333 127  66
 348 127  66
   2 176  72
  17 176  72
  32 176  72
  47 176  72
  62 176  72
  77 176  72
  92 176  72
 107 176  72
 122 176  72
 137 176  72
 152 176  72
 167 176  72
 182 176  72
 197 176  72
 212 176  72
 227 176  72
 242 176  72
 257 176  72
 272 176  72
 287 176  72
 302 176  72
 317 176  72
 332 176  72
 347 176  72
   6  78  73
  21  78  73
  36  78  73
  51  78  73
  66  78  73
  81  78  73
  96  78  73
 111  78  73
 126  78  73
 141  78  73
 156  78  73
 171  78  73
 186  78  73
 201  78  73
 216  78  73
 231  78  73
 246  78  73
 261  78  73
 276  78  73
 291  78  73
 306  78  73
 321  78  73
 336  78  73
 351  78  73
  11  16  74
  26  16  74
  41  16  74
  56  16  74
  71  16  74
  86  16  74
 101  16  74
 116  16  74
 131  16  74
 146  16  74
 161  16  74
 176  16  74
 191  16  74
 206  16  74
 221  16  74
 236  16  74
 251  16  74
 266  16  74
 281  16  74
 296  16  74
 311  16  74
 326  16  74
 341  16  74
 356  16  74
  12 122  83
  27 122  83
  42 122  83
  57 122  83
  72 122  83
  87 122  83
 102 122  83
 117 122  83
 132 122  83
 147 122  83
 162 122  83
 177 122  83
 192 122  83
 207 122  83
 222 122  83
 237 122  83
 252 122  83
 267 122  83
 282 122  83
 297 122  83
 312 122  83
 327 122  83
 342 122  83
 357 122  83
   3  76  97
  18  76  97
  33  76  97
  48  76  97
  63  76  97
  78  76  97
  93  76  97
 108  76  97
 123  76  97
 138  76  97
 153  76  97
 168  76  97
 183  76  97
 198  76  97
 213  76  97
 228  76  97
 243  76  97
 258  76  97
 273  76  97
 288  76  97
 303  76  97
 318  76  97
 333  76  97
 348  76  97
  10 136 105
  25 136 105
  40 136 105
  55 136 105
  70 136 105
  85 136 105
 100 136 105
 115 136 105
 130 136 105
 145 136 105
 160 136 105
 175 136 105
 190 136 105
 205 136 105
 220 136 105
 235 136 105
 250 136 105
 265 136 105
 280 136 105
 295 136 105
 310 136 105
 325 136 105
 340 136 105
 355 136 105
   6  41 108
  21  41 108
  36  41 108
  51  41 108
  66  41 108
  81  41 108
  96  41 108
 111  41 108
 126  41 108
 141  41 108
 156  41 108
 171  41 108
 186  41 108
 201  41 108
 216  41 108
 231  41 108
 246  41 108
 261  41 108
 276  41 108
 291  41 108
 306  41 108
 321  41 108
 336  41 108
 351  41 108
   6  87 110
  21  87 110
  36  87 110
  51  87 110
  66  87 110
  81  87 110
  96  87 110
 111  87 110
 126  87 110
 141  87 110
 156  87 110
 171  87 110
 186  87 110
 201  87 110
 216  87 110
 231  87 110
 246  87 110
 261  87 110
 276  87 110
 291  87 110
 306  87 110
 321  87 110
 336  87 110
 351  87 110
   1 119 117
  16 119 117
  31 119 117
  46 119 117
  61 119 117
  76 119 117
  91 119 117
 106 119 117
 121 119 117
 136 119 117
 151 119 117
 166 119 117
 181 119 117
 196 119 117
 211 119 117
 226 119 117
 241 119 117
 256 119 117
 271 119 117
 286 119 117
 301 119 117
 316 119 117
 331 119 117
 346 119 117
   2 152 117
  17 152 117
  32 152 117
  47 152 117
  62 152 117
  77 152 117
  92 152 117
 107 152 117
 122 152 117
 137 152 117
 152 152 117
 167 152 117
 182 152 117
 197 152 117
 212 152 117
 227 152 117
 242 152 117
 257 152 117
 272 152 117
 287 152 117
 302 152 117
 317 152 117
 332 152 117
 347 152 117
  11  14 119
  26  14 119
  41  14 119
  56  14 119
  71  14 119
  86  14 119
 101  14 119
 116  14 119
 131  14 119
 146  14 119
 161  14 119
 176  14 119
 191  14 119
 206  14 119
 221  14 119
 236  14 119
 251  14 119
 266  14 119
 281  14 119
 296  14 119
 311  14 119
 326  14 119
 341  14 119
 356  14 119
   0  59 119
  15  59 119
  30  59 119
  45  59 119
  60  59 119
  75  59 119
  90  59 119
 105  59 119
 120  59 119
 135  59 119
 150  59 119
 165  59 119
 180  59 119
 195  59 119
 210  59 119
 225  59 119
 240  59 119
 255  59 119
 270  59 119
 285  59 119
 300  59 119
 315  59 119
 330  59 119
 345  59 119
  13  86 123
  28  86 123
  43  86 123
  58  86 123
  73  86 123
  88  86 123
 103  86 123
 118  86 123
 133  86 123
 148  86 123
 163  86 123
 178  86 123
 193  86 123
 208  86 123
 223  86 123
 238  86 123
 253  86 123
 268  86 123
 283  86 123
 298  86 123
 313  86 123
 328  86 123
 343  86 123
 358  86 123
   6  35 126
  21  35 126
  36  35 126
  51  35 126
  66  35 126
  81  35 126
  96  35 126
 111  35 126
 126  35 126
 141  35 126
 156  35 126
 171  35 126
 186  35 126
 201  35 126
 216  35 126
 231  35 126
 246  35 126
 261  35 126
 276  35 126
 291  35 126
 306  35 126
 321  35 126
 336  35 126
 351  35 126
   5 133 128
  20 133 128
  35 133 128
  50 133 128
  65 133 128
  80 133 128
  95 133 128
 110 133 128
 125 133 128
 140 133 128
 155 133 128
 170 133 128
 185 133 128
 200 133 128
 215 133 128
 230 133 128
 245 133 128
 260 133 128
 275 133 128
 290 133 128
 305 133 128
 320 133 128
 335 133 128
 350 133 128
   0 109 129
  15 109 129
  30 109 129
  45 109 129
  60 109 129
  75 109 129
  90 109 129
 105 109 129
 120 109 129
 135 109 129
 150 109 129
 165 109 129
 180 109 129
 195 109 129
 210 109 129
 225 109 129
 240 109 129
 255 109 129
 270 109 129
 285 109 129
 300 109 129
 315 109 129
 330 109 129
 345 109 129
  13 156 130
  28 156 130
  43 156 130
  58 156 130
  73 156 130
  88 156 130
 103 156 130
 118 156 130
 133 156 130
 148 156 130
 163 156 130
 178 156 130
 193 156 130
 208 156 130
 223 156 130
 238 156 130
 253 156 130
 268 156 130
 283 156 130
 298 156 130
 313 156 130
 328 156 130
 343 156 130
 358 156 130
   6  57 132
  21  57 132
  36  57 132
  51  57 132
  66  57 132
  81  57 132
  96  57 132
 111  57 132
 126  57 132
 141  57 132
 156  57 132
 171  57 132
 186  57 132
 201  57 132
 216  57 132
 231  57 132
 246  57 132
 261  57 132
 276  57 132
 291  57 132
 306  57 132
 321  57 132
 336  57 132
 351  57 132
  11  17 135
  26  17 135
  41  17 135
  56  17 135
  71  17 135
  86  17 135
 101  17 135
 116  17 135
 131  17 135
 146  17 135
 161  17 135
 176  17 135
 191  17 135
 206  17 135
 221  17 135
 236  17 135
 251  17 135
 266  17 135
 281  17 135
 296  17 135
 311  17 135
 326  17 135
 341  17 135
 356  17 135
  12  76 135
  27  76 135
  42  76 135
  57  76 135
  72  76 135
  87  76 135
 102  76 135
 117  76 135
 132  76 135
 147  76 135
 162  76 135
 177  76 135
 192  76 135
 207  76 135
 222  76 135
 237  76 135
 252  76 135
 267  76 135
 282  76 135
 297  76 135
 312  76 135
 327  76 135
 342  76 135
 357  76 135
  14  36 139
  29  36 139
  44  36 139
  59  36 139
  74  36 139
  89  36 139
 104  36 139
 119  36 139
 134  36 139
 149  36 139
 164  36 139
 179  36 139
 194  36 139
 209  36 139
 224  36 139
 239  36 139
 254  36 139
 269  36 139
 284  36 139
 299  36 139
 314  36 139
 329  36 139
 344  36 139
 359  36 139
   1  93 139
  16  93 139
  31  93 139
  46  93 139
  61  93 139
  76  93 139
  91  93 139
 106  93 139
 121  93 139
 136  93 139
 151  93 139
 166  93 139
 181  93 139
 196  93 139
 211  93 139
 226  93 139
 241  93 139
 256  93 139
 271  93 139
 286  93 139
 301  93 139
 316  93 139
 331  93 139
 346  93 139
   5 123 139
  20 123 139
  35 123 139
  50 123 139
  65 123 139
  80 123 139
  95 123 139
 110 123 139
 125 123 139
 140 123 139
 155 123 139
 170 123 139
 185 123 139
 200 123 139
 215 123 139
 230 123 139
 245 123 139
 260 123 139
 275 123 139
 290 123 139
 305 123 139
 320 123 139
 335 123 139
 350 123 139
   0 142 141
  15 142 141
  30 142 141
  45 142 141
  60 142 141
  75 142 141
  90 142 141
 105 142 141
 120 142 141
 135 142 141
 150 142 141
 165 142 141
 180 142 141
 195 142 141
 210 142 141
 225 142 141
 240 142 141
 255 142 141
 270 142 141
 285 142 141
 300 142 141
 315 142 141
 330 142 141
 345 142 141
  12 166 141
  27 166 141
  42 166 141
  57 166 141
  72 166 141
  87 166 141
 102 166 141
 117 166 141
 132 166 141
 147 166 141
 162 166 141
 177 166 141
 192 166 141
 207 166 141
 222 166 141
 237 166 141
 252 166 141
 267 166 141
 282 166 141
 297 166 141
 312 166 141
 327 166 141
 342 166 141
 357 166 141
  11  54 145
  26  54 145
  41  54 145
  56  54 145
  71  54 145
  86  54 145
 101  54 145
 116  54 145
 131  54 145
 146  54 145
 161  54 145
 176  54 145
 191  54 145
 206  54 145
 221  54 145
 236  54 145
 251  54 145
 266  54 145
 281  54 145
 296  54 145
 311  54 145
 326  54 145
 341  54 145
 356  54 145
   3 108 145
  18 108 145
  33 108 145
  48 108 145
  63 108 145
  78 108 145
  93 108 145
 108 108 145
 123 108 145
 138 108 145
 153 108 145
 168 108 145
 183 108 145
 198 108 145
 213 108 145
 228 108 145
 243 108 145
 258 108 145
 273 108 145
 288 108 145
 303 108 145
 318 108 145
 333 108 145
 348 108 145
   3  16 148
  18  16 148
  33  16 148
  48  16 148
  63  16 148
  78  16 148
  93  16 148
 108  16 148
 123  16 148
 138  16 148
 153  16 148
 168  16 148
 183  16 148
 198  16 148
 213  16 148
 228  16 148
 243  16 148
 258  16 148
 273  16 148
 288  16 148
 303  16 148
 318  16 148
 333  16 148
 348  16 148
  14  70 148
  29  70 148
  44  70 148
  59  70 148
  74  70 148
  89  70 148
 104  70 148
 119  70 148
 134  70 148
 149  70 148
 164  70 148
 179  70 148
 194  70 148
 209  70 148
 224  70 148
 239  70 148
 254  70 148
 269  70 148
 284  70 148
 299  70 148
 314  70 148
 329  70 148
 344  70 148
 359  70 148
   5  87 151
  20  87 151
  35  87 151
  50  87 151
  65  87 151
  80  87 151
  95  87 151
 110  87 151
 125  87 151
 140  87 151
 155  87 151
 170  87 151
 185  87 151
 200  87 151
 215  87 151
 230  87 151
 245  87 151
 260  87 151
 275  87 151
 290  87 151
 305  87 151
 320  87 151
 335  87 151
 350  87 151
   1 129 151
  16 129 151
  31 129 151
  46 129 151
  61 129 151
  76 129 151
  91 129 151
 106 129 151
 121 129 151
 136 129 151
 151 129 151
 166 129 151
 181 129 151
 196 129 151
 211 129 151
 226 129 151
 241 129 151
 256 129 151
 271 129 151
 286 129 151
 301 129 151
 316 129 151
 331 129 151
 346 129 151
  13 152 151
  28 152 151
  43 152 151
  58 152 151
  73 152 151
  88 152 151
 103 152 151
 118 152 151
 133 152 151
 148 152 151
 163 152 151
 178 152 151
 193 152 151
 208 152 151
 223 152 151
 238 152 151
 253 152 151
 268 152 151
 283 152 151
 298 152 151
 313 152 151
 328 152 151
 343 152 151
 358 152 151
   2  31 152
  17  31 152
  32  31 152
  47  31 152
  62  31 152
  77  31 152
  92  31 152
 107  31 152
 122  31 152
 137  31 152
 152  31 152
 167  31 152
 182  31 152
 197  31 152
 212  31 152
 227  31 152
 242  31 152
 257  31 152
 272  31 152
 287  31 152
 302  31 152
 317  31 152
 332  31 152
 347  31 152
   0  45 156
  15  45 156
  30  45 156
  45  45 156
  60  45 156
  75  45 156
  90  45 156
 105  45 156
 120  45 156
 135  45 156
 150  45 156
 165  45 156
 180  45 156
 195  45 156
 210  45 156
 225  45 156
 240  45 156
 255  45 156
 270  45 156
 285  45 156
 300  45 156
 315  45 156
 330  45 156
 345  45 156
   6 101 157
  21 101 157
  36 101 157
  51 101 157
  66 101 157
  81 101 157
  96 101 157
 111 101 157
 126 101 157
 141 101 157
 156 101 157
 171 101 157
 186 101 157
 201 101 157
 216 101 157
 231 101 157
 246 101 157
 261 101 157
 276 101 157
 291 101 157
 306 101 157
 321 101 157
 336 101 157
 351 101 157
   2 116 158
  17 116 158
  32 116 158
  47 116 158
  62 116 158
  77 116 158
  92 116 158
 107 116 158
 122 116 158
 137 116 158
 152 116 158
 167 116 158
 182 116 158
 197 116 158
 212 116 158
 227 116 158
 242 116 158
 257 116 158
 272 116 158
 287 116 158
 302 116 158
 317 116 158
 332 116 158
 347 116 158
   0  60 159
  15  60 159
  30  60 159
  45  60 159
  60  60 159
  75  60 159
  90  60 159
 105  60 159
 120  60 159
 135  60 159
 150  60 159
 165  60 159
 180  60 159
 195  60 159
 210  60 159
 225  60 159
 240  60 159
 255  60 159
 270  60 159
 285  60 159
 300  60 159
 315  60 159
 330  60 159
 345  60 159
  10 164 159
  25 164 159
  40 164 159
  55 164 159
  70 164 159
  85 164 159
 100 164 159
 115 164 159
 130 164 159
 145 164 159
 160 164 159
 175 164 159
 190 164 159
 205 164 159
 220 164 159
 235 164 159
 250 164 159
 265 164 159
 280 164 159
 295 164 159
 310 164 159
 325 164 159
 340 164 159
 355 164 159
   9  76 160
  24  76 160
  39  76 160
  54  76 160
  69  76 160
  84  76 160
  99  76 160
 114  76 160
 129  76 160
 144  76 160
 159  76 160
 174  76 160
 189  76 160
 204  76 160
 219  76 160
 234  76 160
 249  76 160
 264  76 160
 279  76 160
 294  76 160
 309  76 160
 324  76 160
 339  76 160
 354  76 160
  13 140 160
  28 140 160
  43 140 160
  58 140 160
  73 140 160
  88 140 160
 103 140 160
 118 140 160
 133 140 160
 148 140 160
 163 140 160
 178 140 160
 193 140 160
 208 140 160
 223 140 160
 238 140 160
 253 140 160
 268 140 160
 283 140 160
 298 140 160
 313 140 160
 328 140 160
 343 140 160
 358 140 160
   2   7 161
  17   7 161
  32   7 161
  47   7 161
  62   7 161
  77   7 161
  92   7 161
 107   7 161
 122   7 161
 137   7 161
 152   7 161
 167   7 161
 182   7 161
 197   7 161
 212   7 161
 227   7 161
 242   7 161
 257   7 161
 272   7 161
 287   7 161
 302   7 161
 317   7 161
 332   7 161
 347   7 161
   6  23 163
  21  23 163
  36  23 163
  51  23 163
  66  23 163
  81  23 163
  96  23 163
 111  23 163
 126  23 163
 141  23 163
 156  23 163
 171  23 163
 186  23 163
 201  23 163
 216  23 163
 231  23 163
 246  23 163
 261  23 163
 276  23 163
 291  23 163
 306  23 163
 321  23 163
 336  23 163
 351  23 163
   5  88 166
  20  88 166
  35  88 166
  50  88 166
  65  88 166
  80  88 166
  95  88 166
 110  88 166
 125  88 166
 140  88 166
 155  88 166
 170  88 166
 185  88 166
 200  88 166
 215  88 166
 230  88 166
 245  88 166
 260  88 166
 275  88 166
 290  88 166
 305  88 166
 320  88 166
 335  88 166
 350  88 166
   4  37 167
  19  37 167
  34  37 167
  49  37 167
  64  37 167
  79  37 167
  94  37 167
 109  37 167
 124  37 167
 139  37 167
 154  37 167
 169  37 167
 184  37 167
 199  37 167
 214  37 167
 229  37 167
 244  37 167
 259  37 167
 274  37 167
 289  37 167
 304  37 167
 319  37 167
 334  37 167
 349  37 167
  12 126 167
  27 126 167
  42 126 167
  57 126 167
  72 126 167
  87 126 167
 102 126 167
 117 126 167
 132 126 167
 147 126 167
 162 126 167
 177 126 167
 192 126 167
 207 126 167
 222 126 167
 237 126 167
 252 126 167
 267 126 167
 282 126 167
 297 126 167
 312 126 167
 327 126 167
 342 126 167
 357 126 167
   8 151 168
  23 151 168
  38 151 168
  53 151 168
  68 151 168
  83 151 168
  98 151 168
 113 151 168
 128 151 168
 143 151 168
 158 151 168
 173 151 168
 188 151 168
 203 151 168
 218 151 168
 233 151 168
 248 151 168
 263 151 168
 278 151 168
 293 151 168
 308 151 168
 323 151 168
 338 151 168
 353 151 168
   5  52 170
  20  52 170
  35  52 170
  50  52 170
  65  52 170
  80  52 170
  95  52 170
 110  52 170
 125  52 170
 140  52 170
 155  52 170
 170  52 170
 185  52 170
 200  52 170
 215  52 170
 230  52 170
 245  52 170
 260  52 170
 275  52 170
 290  52 170
 305  52 170
 320  52 170
 335  52 170
 350  52 170
  14 102 170
  29 102 170
  44 102 170
  59 102 170
  74 102 170
  89 102 170
 104 102 170
 119 102 170
 134 102 170
 149 102 170
 164 102 170
 179 102 170
 194 102 170
 209 102 170
 224 102 170
 239 102 170
 254 102 170
 269 102 170
 284 102 170
 299 102 170
 314 102 170
 329 102 170
 344 102 170
 359 102 170
   0  69 171
  15  69 171
  30  69 171
  45  69 171
  60  69 171
  75  69 171
  90  69 171
 105  69 171
 120  69 171
 135  69 171
 150  69 171
 165  69 171
 180  69 171
 195  69 171
 210  69 171
 225  69 171
 240  69 171
 255  69 171
 270  69 171
 285  69 171
 300  69 171
 315  69 171
 330  69 171
 345  69 171
   4 169 171
  19 169 171
  34 169 171
  49 169 171
  64 169 171
  79 169 171
  94 169 171
 109 169 171
 124 169 171
 139 169 171
 154 169 171
 169 169 171
 184 169 171
 199 169 171
 214 169 171
 229 169 171
 244 169 171
 259 169 171
 274 169 171
 289 169 171
 304 169 171
 319 169 171
 334 169 171
 349 169 171
  11  14 173
  26  14 173
  41  14 173
  56  14 173
  71  14 173
  86  14 173
 101  14 173
 116  14 173
 131  14 173
 146  14 173
 161  14 173
 176  14 173
 191  14 173
 206  14 173
 221  14 173
 236  14 173
 251  14 173
 266  14 173
 281  14 173
 296  14 173
 311  14 173
 326  14 173
 341  14 173
 356  14 173
   5 137 175
  20 137 175
  35 137 175
  50 137 175
  65 137 175
  80 137 175
  95 137 175
 110 137 175
 125 137 175
 140 137 175
 155 137 175
 170 137 175
 185 137 175
 200 137 175
 215 137 175
 230 137 175
 245 137 175
 260 137 175
 275 137 175
 290 137 175
 305 137 175
 320 137 175
 335 137 175
 350 137 175
   7 114 176
  22 114 176
  37 114 176
  52 114 176
  67 114 176
  82 114 176
  97 114 176
 112 114 176
 127 114 176
 142 114 176
 157 114 176
 172 114 176
 187 114 176
 202 114 176
 217 114 176
 232 114 176
 247 114 176
 262 114 176
 277 114 176
 292 114 176
 307 114 176
 322 114 176
 337 114 176
 352 114 176
   3  27 178
  18  27 178
  33  27 178
  48  27 178
  63  27 178
  78  27 178
  93  27 178
 108  27 178
 123  27 178
 138  27 178
 153  27 178
 168  27 178
 183  27 178
 198  27 178
 213  27 178
 228  27 178
 243  27 178
 258  27 178
 273  27 178
 288  27 178
 303  27 178
 318  27 178
 333  27 178
 348  27 178
   9  80 178
  24  80 178
  39  80 178
  54  80 178
  69  80 178
  84  80 178
  99  80 178
 114  80 178
 129  80 178
 144  80 178
 159  80 178
 174  80 178
 189  80 178
 204  80 178
 219  80 178
 234  80 178
 249  80 178
 264  80 178
 279  80 178
 294  80 178
 309  80 178
 324  80 178
 339  80 178
 354  80 178
  12  42 179
  27  42 179
  42  42 179
  57  42 179
  72  42 179
  87  42 179
 102  42 179
 117  42 179
 132  42 179
 147  42 179
 162  42 179
 177  42 179
 192  42 179
 207  42 179
 222  42 179
 237  42 179
 252  42 179
 267  42 179
 282  42 179
 297  42 179
 312  42 179
 327  42 179
 342  42 179
 357  42 179
   1 156 180
  16 156 180
  31 156 180
  46 156 180
  61 156 180
  76 156 180
  91 156 180
 106 156 180
 121 156 180
 136 156 180
 151 156 180
 166 156 180
 181 156 180
 196 156 180
 211 156 180
 226 156 180
 241 156 180
 256 156 180
 271 156 180
 286 156 180
 301 156 180
 316 156 180
 331 156 180
 346 156 180
   5  94 181
  20  94 181
  35  94 181
  50  94 181
  65  94 181
  80  94 181
  95  94 181
 110  94 181
 125  94 181
 140  94 181
 155  94 181
 170  94 181
 185  94 181
 200  94 181
 215  94 181
 230  94 181
 245  94 181
 260  94 181
 275  94 181
 290  94 181
 305  94 181
 320  94 181
 335  94 181
 350  94 181
  13  57 182
  28  57 182
  43  57 182
  58  57 182
  73  57 182
  88  57 182
 103  57 182
 118  57 182
 133  57 182
 148  57 182
 163  57 182
 178  57 182
 193  57 182
 208  57 182
 223  57 182
 238  57 182
 253  57 182
 268  57 182
 283  57 182
 298  57 182
 313  57 182
 328  57 182
 343  57 182
 358  57 182
   0 125 183
  15 125 183
  30 125 183
  45 125 183
  60 125 183
  75 125 183
  90 125 183
 105 125 183
 120 125 183
 135 125 183
 150 125 183
 165 125 183
 180 125 183
 195 125 183
 210 125 183
 225 125 183
 240 125 183
 255 125 183
 270 125 183
 285 125 183
 300 125 183
 315 125 183
 330 125 183
 345 125 183
   1   4 185
  16   4 185
  31   4 185
  46   4 185
  61   4 185
  76   4 185
  91   4 185
 106   4 185
 121   4 185
 136   4 185
 151   4 185
 166   4 185
 181   4 185
 196   4 185
 211   4 185
 226   4 185
 241   4 185
 256   4 185
 271   4 185
 286   4 185
 301   4 185
 316   4 185
 331   4 185
 346   4 185
   7 168 186
  22 168 186
  37 168 186
  52 168 186
  67 168 186
  82 168 186
  97 168 186
 112 168 186
 127 168 186
 142 168 186
 157 168 186
 172 168 186
 187 168 186
 202 168 186
 217 168 186
 232 168 186
 247 168 186
 262 168 186
 277 168 186
 292 168 186
 307 168 186
 322 168 186
 337 168 186
 352 168 186
   3  70 187
  18  70 187
  33  70 187
  48  70 187
  63  70 187
  78  70 187
  93  70 187
 108  70 187
 123  70 187
 138  70 187
 153  70 187
 168  70 187
 183  70 187
 198  70 187
 213  70 187
 228  70 187
 243  70 187
 258  70 187
 273  70 187
 288  70 187
 303  70 187
 318  70 187
 333  70 187
 348  70 187
   0 107 187
  15 107 187
  30 107 187
  45 107 187
  60 107 187
  75 107 187
  90 107 187
 105 107 187
 120 107 187
 135 107 187
 150 107 187
 165 107 187
 180 107 187
 195 107 187
 210 107 187
 225 107 187
 240 107 187
 255 107 187
 270 107 187
 285 107 187
 300 107 187
 315 107 187
 330 107 187
 345 107 187
  12 142 187
  27 142 187
  42 142 187
  57 142 187
  72 142 187
  87 142 187
 102 142 187
 117 142 187
 132 142 187
 147 142 187
 162 142 187
 177 142 187
 192 142 187
 207 142 187
 222 142 187
 237 142 187
 252 142 187
 267 142 187
 282 142 187
 297 142 187
 312 142 187
 327 142 187
 342 142 187
 357 142 187
  10  18 188
  25  18 188
  40  18 188
  55  18 188
  70  18 188
  85  18 188
 100  18 188
 115  18 188
 130  18 188
 145  18 188
 160  18 188
 175  18 188
 190  18 188
 205  18 188
 220  18 188
 235  18 188
 250  18 188
 265  18 188
 280  18 188
 295  18 188
 310  18 188
 325  18 188
 340  18 188
 355  18 188
   7  33 191
  22  33 191
  37  33 191
  52  33 191
  67  33 191
  82  33 191
  97  33 191
 112  33 191
 127  33 191
 142  33 191
 157  33 191
 172  33 191
 187  33 191
 202  33 191
 217  33 191
 232  33 191
 247  33 191
 262  33 191
 277  33 191
 292  33 191
 307  33 191
 322  33 191
 337  33 191
 352  33 191
  14  85 191
  29  85 191
  44  85 191
  59  85 191
  74  85 191
  89  85 191
 104  85 191
 119  85 191
 134  85 191
 149  85 191
 164  85 191
 179  85 191
 194  85 191
 209  85 191
 224  85 191
 239  85 191
 254  85 191
 269  85 191
 284  85 191
 299  85 191
 314  85 191
 329  85 191
 344  85 191
 359  85 191
   6  48 192
  21  48 192
  36  48 192
  51  48 192
  66  48 192
  81  48 192
  96  48 192
 111  48 192
 126  48 192
 141  48 192
 156  48 192
 171  48 192
 186  48 192
 201  48 192
 216  48 192
 231  48 192
 246  48 192
 261  48 192
 276  48 192
 291  48 192
 306  48 192
 321  48 192
 336  48 192
 351  48 192
   6 155 194
  21 155 194
  36 155 194
  51 155 194
  66 155 194
  81 155 194
  96 155 194
 111 155 194
 126 155 194
 141 155 194
 156 155 194
 171 155 194
 186 155 194
 201 155 194
 216 155 194
 231 155 194
 246 155 194
 261 155 194
 276 155 194
 291 155 194
 306 155 194
 321 155 194
 336 155 194
 351 155 194
   8 119 195
  23 119 195
  38 119 195
  53 119 195
  68 119 195
  83 119 195
  98 119 195
 113 119 195
 128 119 195
 143 119 195
 158 119 195
 173 119 195
 188 119 195
 203 119 195
 218 119 195
 233 119 195
 248 119 195
 263 119 195
 278 119 195
 293 119 195
 308 119 195
 323 119 195
 338 119 195
 353 119 195
  12 178 195
  27 178 195
  42 178 195
  57 178 195
  72 178 195
  87 178 195
 102 178 195
 117 178 195
 132 178 195
 147 178 195
 162 178 195
 177 178 195
 192 178 195
 207 178 195
 222 178 195
 237 178 195
 252 178 195
 267 178 195
 282 178 195
 297 178 195
 312 178 195
 327 178 195
 342 178 195
 357 178 195
   8   0 198
  23   0 198
  38   0 198
  53   0 198
  68   0 198
  83   0 198
  98   0 198
 113   0 198
 128   0 198
 143   0 198
 158   0 198
 173   0 198
 188   0 198
 203   0 198
 218   0 198
 233   0 198
 248   0 198
 263   0 198
 278   0 198
 293   0 198
 308   0 198
 323   0 198
 338   0 198
 353   0 198
  10  60 198
  25  60 198
  40  60 198
  55  60 198
  70  60 198
  85  60 198
 100  60 198
 115  60 198
 130  60 198
 145  60 198
 160  60 198
 175  60 198
 190  60 198
 205  60 198
 220  60 198
 235  60 198
 250  60 198
 265  60 198
 280  60 198
 295  60 198
 310  60 198
 325  60 198
 340  60 198
 355  60 198
   4  97 198
  19  97 198
  34  97 198
  49  97 198
  64  97 198
  79  97 198
  94  97 198
 109  97 198
 124  97 198
 139  97 198
 154  97 198
 169  97 198
 184  97 198
 199  97 198
 214  97 198
 229  97 198
 244  97 198
 259  97 198
 274  97 198
 289  97 198
 304  97 198
 319  97 198
 334  97 198
 349  97 198
   6 134 198
  21 134 198
  36 134 198
  51 134 198
  66 134 198
  81 134 198
  96 134 198
 111 134 198
 126 134 198
 141 134 198
 156 134 198
 171 134 198
 186 134 198
 201 134 198
 216 134 198
 231 134 198
 246 134 198
 261 134 198
 276 134 198
 291 134 198
 306 134 198
 321 134 198
 336 134 198
 351 134 198
   9  75 200
  24  75 200
  39  75 200
  54  75 200
  69  75 200
  84  75 200
  99  75 200
 114  75 200
 129  75 200
 144  75 200
 159  75 200
 174  75 200
 189  75 200
 204  75 200
 219  75 200
 234  75 200
 249  75 200
 264  75 200
 279  75 200
 294  75 200
 309  75 200
 324  75 200
 339  75 200
 354  75 200
   3  16 201
  18  16 201
  33  16 201
  48  16 201
  63  16 201
  78  16 201
  93  16 201
 108  16 201
 123  16 201
 138  16 201
 153  16 201
 168  16 201
 183  16 201
 198  16 201
 213  16 201
 228  16 201
 243  16 201
 258  16 201
 273  16 201
 288  16 201
 303  16 201
 318  16 201
 333  16 201
 348  16 201
  13  38 203
  28  38 203
  43  38 203
  58  38 203
  73  38 203
  88  38 203
 103  38 203
 118  38 203
 133  38 203
 148  38 203
 163  38 203
 178  38 203
 193  38 203
 208  38 203
 223  38 203
 238  38 203
 253  38 203
 268  38 203
 283  38 203
 298  38 203
 313  38 203
 328  38 203
 343  38 203
 358  38 203
  10 165 203
  25 165 203
  40 165 203
  55 165 203
  70 165 203
  85 165 203
 100 165 203
 115 165 203
 130 165 203
 145 165 203
 160 165 203
 175 165 203
 190 165 203
 205 165 203
 220 165 203
 235 165 203
 250 165 203
 265 165 203
 280 165 203
 295 165 203
 310 165 203
 325 165 203
 340 165 203
 355 165 203
   7 108 206
  22 108 206
  37 108 206
  52 108 206
  67 108 206
  82 108 206
  97 108 206
 112 108 206
 127 108 206
 142 108 206
 157 108 206
 172 108 206
 187 108 206
 202 108 206
 217 108 206
 232 108 206
 247 108 206
 262 108 206
 277 108 206
 292 108 206
 307 108 206
 322 108 206
 337 108 206
 352 108 206
   9 145 206
  24 145 206
  39 145 206
  54 145 206
  69 145 206
  84 145 206
  99 145 206
 114 145 206
 129 145 206
 144 145 206
 159 145 206
 174 145 206
 189 145 206
 204 145 206
 219 145 206
 234 145 206
 249 145 206
 264 145 206
 279 145 206
 294 145 206
 309 145 206
 324 145 206
 339 145 206
 354 145 206
  11  86 209
  26  86 209
  41  86 209
  56  86 209
  71  86 209
  86  86 209
 101  86 209
 116  86 209
 131  86 209
 146  86 209
 161  86 209
 176  86 209
 191  86 209
 206  86 209
 221  86 209
 236  86 209
 251  86 209
 266  86 209
 281  86 209
 296  86 209
 311  86 209
 326  86 209
 341  86 209
 356  86 209
   3 124 209
  18 124 209
  33 124 209
  48 124 209
  63 124 209
  78 124 209
  93 124 209
 108 124 209
 123 124 209
 138 124 209
 153 124 209
 168 124 209
 183 124 209
 198 124 209
 213 124 209
 228 124 209
 243 124 209
 258 124 209
 273 124 209
 288 124 209
 303 124 209
 318 124 209
 333 124 209
 348 124 209
   3  52 210
  18  52 210
  33  52 210
  48  52 210
  63  52 210
  78  52 210
  93  52 210
 108  52 210
 123  52 210
 138  52 210
 153  52 210
 168  52 210
 183  52 210
 198  52 210
 213  52 210
 228  52 210
 243  52 210
 258  52 210
 273  52 210
 288  52 210
 303  52 210
 318  52 210
 333  52 210
 348  52 210
  11 178 210
  26 178 210
  41 178 210
  56 178 210
  71 178 210
  86 178 210
 101 178 210
 116 178 210
 131 178 210
 146 178 210
 161 178 210
 176 178 210
 191 178 210
 206 178 210
 221 178 210
 236 178 210
 251 178 210
 266 178 210
 281 178 210
 296 178 210
 311 178 210
 326 178 210
 341 178 210
 356 178 210
   0   1 211
  15   1 211
  30   1 211
  45   1 211
  60   1 211
  75   1 211
  90   1 211
 105   1 211
 120   1 211
 135   1 211
 150   1 211
 165   1 211
 180   1 211
 195   1 211
 210   1 211
 225   1 211
 240   1 211
 255   1 211
 270   1 211
 285   1 211
 300   1 211
 315   1 211
 330   1 211
 345   1 211
   7  24 212
  22  24 212
  37  24 212
  52  24 212
  67  24 212
  82  24 212
  97  24 212
 112  24 212
 127  24 212
 142  24 212
 157  24 212
 172  24 212
 187  24 212
 202  24 212
 217  24 212
 232  24 212
 247  24 212
 262  24 212
 277  24 212
 292  24 212
 307  24 212
 322  24 212
 337  24 212
 352  24 212
   3  67 212
  18  67 212
  33  67 212
  48  67 212
  63  67 212
  78  67 212
  93  67 212
 108  67 212
 123  67 212
 138  67 212
 153  67 212
 168  67 212
 183  67 212
 198  67 212
 213  67 212
 228  67 212
 243  67 212
 258  67 212
 273  67 212
 288  67 212
 303  67 212
 318  67 212
 333  67 212
 348  67 212
   6 158 215
  21 158 215
  36 158 215
  51 158 215
  66 158 215
  81 158 215
  96 158 215
 111 158 215
 126 158 215
 141 158 215
 156 158 215
 171 158 215
 186 158 215
 201 158 215
 216 158 215
 231 158 215
 246 158 215
 261 158 215
 276 158 215
 291 158 215
 306 158 215
 321 158 215
 336 158 215
 351 158 215
   5 100 218
  20 100 218
  35 100 218
  50 100 218
  65 100 218
  80 100 218
  95 100 218
 110 100 218
 125 100 218
 140 100 218
 155 100 218
 170 100 218
 185 100 218
 200 100 218
 215 100 218
 230 100 218
 245 100 218
 260 100 218
 275 100 218
 290 100 218
 305 100 218
 320 100 218
 335 100 218
 350 100 218
   3 136 218
  18 136 218
  33 136 218
  48 136 218
  63 136 218
  78 136 218
  93 136 218
 108 136 218
 123 136 218
 138 136 218
 153 136 218
 168 136 218
 183 136 218
 198 136 218
 213 136 218
 228 136 218
 243 136 218
 258 136 218
 273 136 218
 288 136 218
 303 136 218
 318 136 218
 333 136 218
 348 136 218
   6  38 219
  21  38 219
  36  38 219
  51  38 219
  66  38 219
  81  38 219
  96  38 219
 111  38 219
 126  38 219
 141  38 219
 156  38 219
 171  38 219
 186  38 219
 201  38 219
 216  38 219
 231  38 219
 246  38 219
 261  38 219
 276  38 219
 291  38 219
 306  38 219
 321  38 219
 336  38 219
 351  38 219
   2  10 222
  17  10 222
  32  10 222
  47  10 222
  62  10 222
  77  10 222
  92  10 222
 107  10 222
 122  10 222
 137  10 222
 152  10 222
 167  10 222
 182  10 222
 197  10 222
 212  10 222
 227  10 222
 242  10 222
 257  10 222
 272  10 222
 287  10 222
 302  10 222
 317  10 222
 332  10 222
 347  10 222
   4  78 222
  19  78 222
  34  78 222
  49  78 222
  64  78 222
  79  78 222
  94  78 222
 109  78 222
 124  78 222
 139  78 222
 154  78 222
 169  78 222
 184  78 222
 199  78 222
 214  78 222
 229  78 222
 244  78 222
 259  78 222
 274  78 222
 289  78 222
 304  78 222
 319  78 222
 334  78 222
 349  78 222
   2 116 222
  17 116 222
  32 116 222
  47 116 222
  62 116 222
  77 116 222
  92 116 222
 107 116 222
 122 116 222
 137 116 222
 152 116 222
 167 116 222
 182 116 222
 197 116 222
 212 116 222
 227 116 222
 242 116 222
 257 116 222
 272 116 222
 287 116 222
 302 116 222
 317 116 222
 332 116 222
 347 116 222
   5 172 223
  20 172 223
  35 172 223
  50 172 223
  65 172 223
  80 172 223
  95 172 223
 110 172 223
 125 172 223
 140 172 223
 155 172 223
 170 172 223
 185 172 223
 200 172 223
 215 172 223
 230 172 223
 245 172 223
 260 172 223
 275 172 223
 290 172 223
 305 172 223
 320 172 223
 335 172 223
 350 172 223
   5  56 224
  20  56 224
  35  56 224
  50  56 224
  65  56 224
  80  56 224
  95  56 224
 110  56 224
 125  56 224
 140  56 224
 155  56 224
 170  56 224
 185  56 224
 200  56 224
 215  56 224
 230  56 224
 245  56 224
 260  56 224
 275  56 224
 290  56 224
 305  56 224
 320  56 224
 335  56 224
 350  56 224
   3 151 227
  18 151 227
  33 151 227
  48 151 227
  63 151 227
  78 151 227
  93 151 227
 108 151 227
 123 151 227
 138 151 227
 153 151 227
 168 151 227
 183 151 227
 198 151 227
 213 151 227
 228 151 227
 243 151 227
 258 151 227
 273 151 227
 288 151 227
 303 151 227
 318 151 227
 333 151 227
 348 151 227
   5  28 230
  20  28 230
  35  28 230
  50  28 230
  65  28 230
  80  28 230
  95  28 230
 110  28 230
 125  28 230
 140  28 230
 155  28 230
 170  28 230
 185  28 230
 200  28 230
 215  28 230
 230  28 230
 245  28 230
 260  28 230
 275  28 230
 290  28 230
 305  28 230
 320  28 230
 335  28 230
 350  28 230
   1  92 231
  16  92 231
  31  92 231
  46  92 231
  61  92 231
  76  92 231
  91  92 231
 106  92 231
 121  92 231
 136  92 231
 151  92 231
 166  92 231
 181  92 231
 196  92 231
 211  92 231
 226  92 231
 241  92 231
 256  92 231
 271  92 231
 286  92 231
 301  92 231
 316  92 231
 331  92 231
 346  92 231
   0 130 231
  15 130 231
  30 130 231
  45 130 231
  60 130 231
  75 130 231
  90 130 231
 105 130 231
 120 130 231
 135 130 231
 150 130 231
 165 130 231
 180 130 231
 195 130 231
 210 130 231
 225 130 231
 240 130 231
 255 130 231
 270 130 231
 285 130 231
 300 130 231
 315 130 231
 330 130 231
 345 130 231
   2   0 233
  17   0 233
  32   0 233
  47   0 233
  62   0 233
  77   0 233
  92   0 233
 107   0 233
 122   0 233
 137   0 233
 152   0 233
 167   0 233
 182   0 233
 197   0 233
 212   0 233
 227   0 233
 242   0 233
 257   0 233
 272   0 233
 287   0 233
 302   0 233
 317   0 233
 332   0 233
 347   0 233
   4  67 235
  19  67 235
  34  67 235
  49  67 235
  64  67 235
  79  67 235
  94  67 235
 109  67 235
 124  67 235
 139  67 235
 154  67 235
 169  67 235
 184  67 235
 199  67 235
 214  67 235
 229  67 235
 244  67 235
 259  67 235
 274  67 235
 289  67 235
 304  67 235
 319  67 235
 334  67 235
 349  67 235
   0 169 236
  15 169 236
  30 169 236
  45 169 236
  60 169 236
  75 169 236
  90 169 236
 105 169 236
 120 169 236
 135 169 236
 150 169 236
 165 169 236
 180 169 236
 195 169 236
 210 169 236
 225 169 236
 240 169 236
 255 169 236
 270 169 236
 285 169 236
 300 169 236
 315 169 236
 330 169 236
 345 169 236
   8 111 238
  23 111 238
  38 111 238
  53 111 238
  68 111 238
  83 111 238
  98 111 238
 113 111 238
 128 111 238
 143 111 238
 158 111 238
 173 111 238
 188 111 238
 203 111 238
 218 111 238
 233 111 238
 248 111 238
 263 111 238
 278 111 238
 293 111 238
 308 111 238
 323 111 238
 338 111 238
 353 111 238
   1  42 240
  16  42 240
  31  42 240
  46  42 240
  61  42 240
  76  42 240
  91  42 240
 106  42 240
 121  42 240
 136  42 240
 151  42 240
 166  42 240
 181  42 240
 196  42 240
 211  42 240
 226  42 240
 241  42 240
 256  42 240
 271  42 240
 286  42 240
 301  42 240
 316  42 240
 331  42 240
 346  42 240
  11 143 242
  26 143 242
  41 143 242
  56 143 242
  71 143 242
  86 143 242
 101 143 242
 116 143 242
 131 143 242
 146 143 242
 161 143 242
 176 143 242
 191 143 242
 206 143 242
 221 143 242
 236 143 242
 251 143 242
 266 143 242
 281 143 242
 296 143 242
 311 143 242
 326 143 242
 341 143 242
 356 143 242
   1  10 245
  16  10 245
  31  10 245
  46  10 245
  61  10 245
  76  10 245
  91  10 245
 106  10 245
 121  10 245
 136  10 245
 151  10 245
 166  10 245
 181  10 245
 196  10 245
 211  10 245
 226  10 245
 241  10 245
 256  10 245
 271  10 245
 286  10 245
 301  10 245
 316  10 245
 331  10 245
 346  10 245
  12  84 245
  27  84 245
  42  84 245
  57  84 245
  72  84 245
  87  84 245
 102  84 245
 117  84 245
 132  84 245
 147  84 245
 162  84 245
 177  84 245
 192  84 245
 207  84 245
 222  84 245
 237  84 245
 252  84 245
 267  84 245
 282  84 245
 297  84 245
 312  84 245
 327  84 245
 342  84 245
 357  84 245
   5 172 249
  20 172 249
  35 172 249
  50 172 249
  65 172 249
  80 172 249
  95 172 249
 110 172 249
 125 172 249
 140 172 249
 155 172 249
 170 172 249
 185 172 249
 200 172 249
 215 172 249
 230 172 249
 245 172 249
 260 172 249
 275 172 249
 290 172 249
 305 172 249
 320 172 249
 335 172 249
 350 172 249
   9 121 252
  24 121 252
  39 121 252
  54 121 252
  69 121 252
  84 121 252
  99 121 252
 114 121 252
 129 121 252
 144 121 252
 159 121 252
 174 121 252
 189 121 252
 204 121 252
 219 121 252
 234 121 252
 249 121 252
 264 121 252
 279 121 252
 294 121 252
 309 121 252
 324 121 252
 339 121 252
 354 121 252
  10  40 253
  25  40 253
  40  40 253
  55  40 253
  70  40 253
  85  40 253
 100  40 253
 115  40 253
 130  40 253
 145  40 253
 160  40 253
 175  40 253
 190  40 253
 205  40 253
 220  40 253
 235  40 253
 250  40 253
 265  40 253
 280  40 253
 295  40 253
 310  40 253
 325  40 253
 340  40 253
 355  40 253
   6 163 262
  21 163 262
  36 163 262
  51 163 262
  66 163 262
  81 163 262
  96 163 262
 111 163 262
 126 163 262
 141 163 262
 156 163 262
 171 163 262
 186 163 262
 201 163 262
 216 163 262
 231 163 262
 246 163 262
 261 163 262
 276 163 262
 291 163 262
 306 163 262
 321 163 262
 336 163 262
 351 163 262
  12   0 264
  27   0 264
  42   0 264
  57   0 264
  72   0 264
  87   0 264
 102   0 264
 117   0 264
 132   0 264
 147   0 264
 162   0 264
 177   0 264
 192   0 264
 207   0 264
 222   0 264
 237   0 264
 252   0 264
 267   0 264
 282   0 264
 297   0 264
 312   0 264
 327   0 264
 342   0 264
 357   0 264
  10  84 281
  25  84 281
  40  84 281
  55  84 281
  70  84 281
  85  84 281
 100  84 281
 115  84 281
 130  84 281
 145  84 281
 160  84 281
 175  84 281
 190  84 281
 205  84 281
 220  84 281
 235  84 281
 250  84 281
 265  84 281
 280  84 281
 295  84 281
 310  84 281
 325  84 281
 340  84 281
 355  84 281
   5  34 288
  20  34 288
  35  34 288
  50  34 288
  65  34 288
  80  34 288
  95  34 288
 110  34 288
 125  34 288
 140  34 288
 155  34 288
 170  34 288
 185  34 288
 200  34 288
 215  34 288
 230  34 288
 245  34 288
 260  34 288
 275  34 288
 290  34 288
 305  34 288
 320  34 288
 335  34 288
 350  34 288
   3 130 288
  18 130 288
  33 130 288
  48 130 288
  63 130 288
  78 130 288
  93 130 288
 108 130 288
 123 130 288
 138 130 288
 153 130 288
 168 130 288
 183 130 288
 198 130 288
 213 130 288
 228 130 288
 243 130 288
 258 130 288
 273 130 288
 288 130 288
 303 130 288
 318 130 288
 333 130 288
 348 130 288
  12  73 294
  27  73 294
  42  73 294
  57  73 294
  72  73 294
  87  73 294
 102  73 294
 117  73 294
 132  73 294
 147  73 294
 162  73 294
 177  73 294
 192  73 294
 207  73 294
 222  73 294
 237  73 294
 252  73 294
 267  73 294
 282  73 294
 297  73 294
 312  73 294
 327  73 294
 342  73 294
 357  73 294
   7 103 297
  22 103 297
  37 103 297
  52 103 297
  67 103 297
  82 103 297
  97 103 297
 112 103 297
 127 103 297
 142 103 297
 157 103 297
 172 103 297
 187 103 297
 202 103 297
 217 103 297
 232 103 297
 247 103 297
 262 103 297
 277 103 297
 292 103 297
 307 103 297
 322 103 297
 337 103 297
 352 103 297
   2 155 297
  17 155 297
  32 155 297
  47 155 297
  62 155 297
  77 155 297
  92 155 297
 107 155 297
 122 155 297
 137 155 297
 152 155 297
 167 155 297
 182 155 297
 197 155 297
 212 155 297
 227 155 297
 242 155 297
 257 155 297
 272 155 297
 287 155 297
 302 155 297
 317 155 297
 332 155 297
 347 155 297
  10  20 300
  25  20 300
  40  20 300
  55  20 300
  70  20 300
  85  20 300
 100  20 300
 115  20 300
 130  20 300
 145  20 300
 160  20 300
 175  20 300
 190  20 300
 205  20 300
 220  20 300
 235  20 300
 250  20 300
 265  20 300
 280  20 300
 295  20 300
 310  20 300
 325  20 300
 340  20 300
 355  20 300
  11  49 301
  26  49 301
  41  49 301
  56  49 301
  71  49 301
  86  49 301
 101  49 301
 116  49 301
 131  49 301
 146  49 301
 161  49 301
 176  49 301
 191  49 301
 206  49 301
 221  49 301
 236  49 301
 251  49 301
 266  49 301
 281  49 301
 296  49 301
 311  49 301
 326  49 301
 341  49 301
 356  49 301
   8 127 303
  23 127 303
  38 127 303
  53 127 303
  68 127 303
  83 127 303
  98 127 303
 113 127 303
 128 127 303
 143 127 303
 158 127 303
 173 127 303
 188 127 303
 203 127 303
 218 127 303
 233 127 303
 248 127 303
 263 127 303
 278 127 303
 293 127 303
 308 127 303
 323 127 303
 338 127 303
 353 127 303
   4  74 307
  19  74 307
  34  74 307
  49  74 307
  64  74 307
  79  74 307
  94  74 307
 109  74 307
 124  74 307
 139  74 307
 154  74 307
 169  74 307
 184  74 307
 199  74 307
 214  74 307
 229  74 307
 244  74 307
 259  74 307
 274  74 307
 289  74 307
 304  74 307
 319  74 307
 334  74 307
 349  74 307
   4  97 310
  19  97 310
  34  97 310
  49  97 310
  64  97 310
  79  97 310
  94  97 310
 109  97 310
 124  97 310
 139  97 310
 154  97 310
 169  97 310
 184  97 310
 199  97 310
 214  97 310
 229  97 310
 244  97 310
 259  97 310
 274  97 310
 289  97 310
 304  97 310
 319  97 310
 334  97 310
 349  97 310
   0 146 310
  15 146 310
  30 146 310
  45 146 310
  60 146 310
  75 146 310
  90 146 310
 105 146 310
 120 146 310
 135 146 310
 150 146 310
 165 146 310
 180 146 310
 195 146 310
 210 146 310
 225 146 310
 240 146 310
 255 146 310
 270 146 310
 285 146 310
 300 146 310
 315 146 310
 330 146 310
 345 146 310
   9  12 312
  24  12 312
  39  12 312
  54  12 312
  69  12 312
  84  12 312
  99  12 312
 114  12 312
 129  12 312
 144  12 312
 159  12 312
 174  12 312
 189  12 312
 204  12 312
 219  12 312
 234  12 312
 249  12 312
 264  12 312
 279  12 312
 294  12 312
 309  12 312
 324  12 312
 339  12 312
 354  12 312
   2  34 312
  17  34 312
  32  34 312
  47  34 312
  62  34 312
  77  34 312
  92  34 312
 107  34 312
 122  34 312
 137  34 312
 152  34 312
 167  34 312
 182  34 312
 197  34 312
 212  34 312
 227  34 312
 242  34 312
 257  34 312
 272  34 312
 287  34 312
 302  34 312
 317  34 312
 332  34 312
 347  34 312
  13  55 314
  28  55 314
  43  55 314
  58  55 314
  73  55 314
  88  55 314
 103  55 314
 118  55 314
 133  55 314
 148  55 314
 163  55 314
 178  55 314
 193  55 314
 208  55 314
 223  55 314
 238  55 314
 253  55 314
 268  55 314
 283  55 314
 298  55 314
 313  55 314
 328  55 314
 343  55 314
 358  55 314
  13 115 315
  28 115 315
  43 115 315
  58 115 315
  73 115 315
  88 115 315
 103 115 315
 118 115 315
 133 115 315
 148 115 315
 163 115 315
 178 115 315
 193 115 315
 208 115 315
 223 115 315
 238 115 315
 253 115 315
 268 115 315
 283 115 315
 298 115 315
 313 115 315
 328 115 315
 343 115 315
 358 115 315
  10 163 316
  25 163 316
  40 163 316
  55 163 316
  70 163 316
  85 163 316
 100 163 316
 115 163 316
 130 163 316
 145 163 316
 160 163 316
 175 163 316
 190 163 316
 205 163 316
 220 163 316
 235 163 316
 250 163 316
 265 163 316
 280 163 316
 295 163 316
 310 163 316
 325 163 316
 340 163 316
 355 163 316
   6  82 319
  21  82 319
  36  82 319
  51  82 319
  66  82 319
  81  82 319
  96  82 319
 111  82 319
 126  82 319
 141  82 319
 156  82 319
 171  82 319
 186  82 319
 201  82 319
 216  82 319
 231  82 319
 246  82 319
 261  82 319
 276  82 319
 291  82 319
 306  82 319
 321  82 319
 336  82 319
 351  82 319
   1 134 320
  16 134 320
  31 134 320
  46 134 320
  61 134 320
  76 134 320
  91 134 320
 106 134 320
 121 134 320
 136 134 320
 151 134 320
 166 134 320
 181 134 320
 196 134 320
 211 134 320
 226 134 320
 241 134 320
 256 134 320
 271 134 320
 286 134 320
 301 134 320
 316 134 320
 331 134 320
 346 134 320
  12  19 324
  27  19 324
  42  19 324
  57  19 324
  72  19 324
  87  19 324
 102  19 324
 117  19 324
 132  19 324
 147  19 324
 162  19 324
 177  19 324
 192  19 324
 207  19 324
 222  19 324
 237  19 324
 252  19 324
 267  19 324
 282  19 324
 297  19 324
 312  19 324
 327  19 324
 342  19 324
 357  19 324
  11 100 324
  26 100 324
  41 100 324
  56 100 324
  71 100 324
  86 100 324
 101 100 324
 116 100 324
 131 100 324
 146 100 324
 161 100 324
 176 100 324
 191 100 324
 206 100 324
 221 100 324
 236 100 324
 251 100 324
 266 100 324
 281 100 324
 296 100 324
 311 100 324
 326 100 324
 341 100 324
 356 100 324
   8  36 325
  23  36 325
  38  36 325
  53  36 325
  68  36 325
  83  36 325
  98  36 325
 113  36 325
 128  36 325
 143  36 325
 158  36 325
 173  36 325
 188  36 325
 203  36 325
 218  36 325
 233  36 325
 248  36 325
 263  36 325
 278  36 325
 293  36 325
 308  36 325
 323  36 325
 338  36 325
 353  36 325
  13  65 325
  28  65 325
  43  65 325
  58  65 325
  73  65 325
  88  65 325
 103  65 325
 118  65 325
 133  65 325
 148  65 325
 163  65 325
 178  65 325
 193  65 325
 208  65 325
 223  65 325
 238  65 325
 253  65 325
 268  65 325
 283  65 325
 298  65 325
 313  65 325
 328  65 325
 343  65 325
 358  65 325
  12 150 325
  27 150 325
  42 150 325
  57 150 325
  72 150 325
  87 150 325
 102 150 325
 117 150 325
 132 150 325
 147 150 325
 162 150 325
 177 150 325
 192 150 325
 207 150 325
 222 150 325
 237 150 325
 252 150 325
 267 150 325
 282 150 325
 297 150 325
 312 150 325
 327 150 325
 342 150 325
 357 150 325
   4 117 328
  19 117 328
  34 117 328
  49 117 328
  64 117 328
  79 117 328
  94 117 328
 109 117 328
 124 117 328
 139 117 328
 154 117 328
 169 117 328
 184 117 328
 199 117 328
 214 117 328
 229 117 328
 244 117 328
 259 117 328
 274 117 328
 289 117 328
 304 117 328
 319 117 328
 334 117 328
 349 117 328
  12 164 331
  27 164 331
  42 164 331
  57 164 331
  72 164 331
  87 164 331
 102 164 331
 117 164 331
 132 164 331
 147 164 331
 162 164 331
 177 164 331
 192 164 331
 207 164 331
 222 164 331
 237 164 331
 252 164 331
 267 164 331
 282 164 331
 297 164 331
 312 164 331
 327 164 331
 342 164 331
 357 164 331
   9  49 332
  24  49 332
  39  49 332
  54  49 332
  69  49 332
  84  49 332
  99  49 332
 114  49 332
 129  49 332
 144  49 332
 159  49 332
 174  49 332
 189  49 332
 204  49 332
 219  49 332
 234  49 332
 249  49 332
 264  49 332
 279  49 332
 294  49 332
 309  49 332
 324  49 332
 339  49 332
 354  49 332
   0  79 332
  15  79 332
  30  79 332
  45  79 332
  60  79 332
  75  79 332
  90  79 332
 105  79 332
 120  79 332
 135  79 332
 150  79 332
 165  79 332
 180  79 332
 195  79 332
 210  79 332
 225  79 332
 240  79 332
 255  79 332
 270  79 332
 285  79 332
 300  79 332
 315  79 332
 330  79 332
 345  79 332
   9 133 333
  24 133 333
  39 133 333
  54 133 333
  69 133 333
  84 133 333
  99 133 333
 114 133 333
 129 133 333
 144 133 333
 159 133 333
 174 133 333
 189 133 333
 204 133 333
 219 133 333
 234 133 333
 249 133 333
 264 133 333
 279 133 333
 294 133 333
 309 133 333
 324 133 333
 339 133 333
 354 133 333
   7  13 336
  22  13 336
  37  13 336
  52  13 336
  67  13 336
  82  13 336
  97  13 336
 112  13 336
 127  13 336
 142  13 336
 157  13 336
 172  13 336
 187  13 336
 202  13 336
 217  13 336
 232  13 336
 247  13 336
 262  13 336
 277  13 336
 292  13 336
 307  13 336
 322  13 336
 337  13 336
 352  13 336
   6  95 336
  21  95 336
  36  95 336
  51  95 336
  66  95 336
  81  95 336
  96  95 336
 111  95 336
 126  95 336
 141  95 336
 156  95 336
 171  95 336
 186  95 336
 201  95 336
 216  95 336
 231  95 336
 246  95 336
 261  95 336
 276  95 336
 291  95 336
 306  95 336
 321  95 336
 336  95 336
 351  95 336
   3  29 337
  18  29 337
  33  29 337
  48  29 337
  63  29 337
  78  29 337
  93  29 337
 108  29 337
 123  29 337
 138  29 337
 153  29 337
 168  29 337
 183  29 337
 198  29 337
 213  29 337
 228  29 337
 243  29 337
 258  29 337
 273  29 337
 288  29 337
 303  29 337
 318  29 337
 333  29 337
 348  29 337
   6  64 338
  21  64 338
  36  64 338
  51  64 338
  66  64 338
  81  64 338
  96  64 338
 111  64 338
 126  64 338
 141  64 338
 156  64 338
 171  64 338
 186  64 338
 201  64 338
 216  64 338
 231  64 338
 246  64 338
 261  64 338
 276  64 338
 291  64 338
 306  64 338
 321  64 338
 336  64 338
 351  64 338
   6 148 338
  21 148 338
  36 148 338
  51 148 338
  66 148 338
  81 148 338
  96 148 338
 111 148 338
 126 148 338
 141 148 338
 156 148 338
 171 148 338
 186 148 338
 201 148 338
 216 148 338
 231 148 338
 246 148 338
 261 148 338
 276 148 338
 291 148 338
 306 148 338
 321 148 338
 336 148 338
 351 148 338
  14 111 340
  29 111 340
  44 111 340
  59 111 340
  74 111 340
  89 111 340
 104 111 340
 119 111 340
 134 111 340
 149 111 340
 164 111 340
 179 111 340
 194 111 340
 209 111 340
 224 111 340
 239 111 340
 254 111 340
 269 111 340
 284 111 340
 299 111 340
 314 111 340
 329 111 340
 344 111 340
 359 111 340
   6  41 344
  21  41 344
  36  41 344
  51  41 344
  66  41 344
  81  41 344
  96  41 344
 111  41 344
 126  41 344
 141  41 344
 156  41 344
 171  41 344
 186  41 344
 201  41 344
 216  41 344
 231  41 344
 246  41 344
 261  41 344
 276  41 344
 291  41 344
 306  41 344
 321  41 344
 336  41 344
 351  41 344
   4 125 344
  19 125 344
  34 125 344
  49 125 344
  64 125 344
  79 125 344
  94 125 344
 109 125 344
 124 125 344
 139 125 344
 154 125 344
 169 125 344
 184 125 344
 199 125 344
 214 125 344
 229 125 344
 244 125 344
 259 125 344
 274 125 344
 289 125 344
 304 125 344
 319 125 344
 334 125 344
 349 125 344
   5 162 344
  20 162 344
  35 162 344
  50 162 344
  65 162 344
  80 162 344
  95 162 344
 110 162 344
 125 162 344
 140 162 344
 155 162 344
 170 162 344
 185 162 344
 200 162 344
 215 162 344
 230 162 344
 245 162 344
 260 162 344
 275 162 344
 290 162 344
 305 162 344
 320 162 344
 335 162 344
 350 162 344
   9  76 345
  24  76 345
  39  76 345
  54  76 345
  69  76 345
  84  76 345
  99  76 345
 114  76 345
 129  76 345
 144  76 345
 159  76 345
 174  76 345
 189  76 345
 204  76 345
 219  76 345
 234  76 345
 249  76 345
 264  76 345
 279  76 345
 294  76 345
 309  76 345
 324  76 345
 339  76 345
 354  76 345
  12  19 348
  27  19 348
  42  19 348
  57  19 348
  72  19 348
  87  19 348
 102  19 348
 117  19 348
 132  19 348
 147  19 348
 162  19 348
 177  19 348
 192  19 348
 207  19 348
 222  19 348
 237  19 348
 252  19 348
 267  19 348
 282  19 348
 297  19 348
 312  19 348
 327  19 348
 342  19 348
 357  19 348