 2980   Scan angles: step 18 (+-1)
   0   0   0
  18   0   0
  36   0   0
  54   0   0
  72   0   0
  90   0   0
 108   0   0
 126   0   0
 144   0   0
 162   0   0
 180   0   0
 198   0   0
 216   0   0
 234   0   0
 252   0   0
 270   0   0
 288   0   0
 306   0   0
 324   0   0
 342   0   0
   8  16   0
  26  16   0
  44  16   0
  62  16   0
  80  16   0
  98  16   0
 116  16   0
 134  16   0
 152  16   0
 170  16   0
 188  16   0
 206  16   0
 224  16   0
 242  16   0
 260  16   0
 278  16   0
 296  16   0
 314  16   0
 332  16   0
 350  16   0
   0  32   0
  18  32   0
  36  32   0
  54  32   0
  72  32   0
  90  32   0
 108  32   0
 126  32   0
 144  32   0
 162  32   0
 180  32   0
 198  32   0
 216  32   0
 234  32   0
 252  32   0
 270  32   0
 288  32   0
 306  32   0
 324  32   0
 342  32   0
   8  48   0
  26  48   0
  44  48   0
  62  48   0
  80  48   0
  98  48   0
 116  48   0
 134  48   0
 152  48   0
 170  48   0
 188  48   0
 206  48   0
 224  48   0
 242  48   0
 260  48   0
 278  48   0
 296  48   0
 314  48   0
 332  48   0
 350  48   0
   0  64   0
  18  64   0
  36  64   0
  54  64   0
  72  64   0
  90  64   0
 108  64   0
 126  64   0
 144  64   0
 162  64   0
 180  64   0
 198  64   0
 216  64   0
 234  64   0
 252  64   0
 270  64   0
 288  64   0
 306  64   0
 324  64   0
 342  64   0
   8  80   0
  26  80   0
  44  80   0
  62  80   0
  80  80   0
  98  80   0
 116  80   0
 134  80   0
 152  80   0
 170  80   0
 188  80   0
 206  80   0
 224  80   0
 242  80   0
 260  80   0
 278  80   0
 296  80   0
 314  80   0
 332  80   0
 350  80   0
   0  96   0
  18  96   0
  36  96   0
  54  96   0
  72  96   0
  90  96   0
 108  96   0
 126  96   0
 144  96   0
 162  96   0
 180  96   0
 198  96   0
 216  96   0
 234  96   0
 252  96   0
 270  96   0
 288  96   0
 306  96   0
 324  96   0
 342  96   0
   8 112   0
  26 112   0
  44 112   0
  62 112   0
  80 112   0
  98 112   0
 116 112   0
 134 112   0
 152 112   0
 170 112   0
 188 112   0
 206 112   0
 224 112   0
 242 112   0
 260 112   0
 278 112   0
 296 112   0
 314 112   0
 332 112   0
 350 112   0
   0 128   0
  18 128   0
  36 128   0
  54 128   0
  72 128   0
  90 128   0
 108 128   0
 126 128   0
 144 128   0
 162 128   0
 180 128   0
 198 128   0
 216 128   0
 234 128   0
 252 128   0
 270 128   0
 288 128   0
 306 128   0
 324 128   0
 342 128   0
   8 144   0
  26 144   0
  44 144   0
  62 144   0
  80 144   0
  98 144   0
 116 144   0
 134 144   0
 152 144   0
 170 144   0
 188 144   0
 206 144   0
 224 144   0
 242 144   0
 260 144   0
 278 144   0
 296 144   0
 314 144   0
 332 144   0
 350 144   0
   0 160   0
  18 160   0
  36 160   0
  54 160   0
  72 160   0
  90 160   0
 108 160   0
 126 160   0
 144 160   0
 162 160   0
 180 160   0
 198 160   0
 216 160   0
 234 160   0
 252 160   0
 270 160   0
 288 160   0
 306 160   0
 324 160   0
 342 160   0
   8 176   0
  26 176   0
  44 176   0
  62 176   0
  80 176   0
  98 176   0
 116 176   0
 134 176   0
 152 176   0
 170 176   0
 188 176   0
 206 176   0
 224 176   0
 242 176   0
 260 176   0
 278 176   0
 296 176   0
 314 176   0
 332 176   0
 350 176   0
   9   5  15
  27   5  15
  45   5  15
  63   5  15
  81   5  15
  99   5  15
 117   5  15
 135   5  15
 153   5  15
 171   5  15
 189   5  15
 207   5  15
 225   5  15
 243   5  15
 261   5  15
 279   5  15
 297   5  15
 315   5  15
 333   5  15
 351   5  15
   7  26  15
  25  26  15
  43  26  15
  61  26  15
  79  26  15
  97  26  15
 115  26  15
 133  26  15
 151  26  15
 169  26  15
 187  26  15
 205  26  15
 223  26  15
 241  26  15
 259  26  15
 277  26  15
 295  26  15
 313  26  15
 331  26  15
 349  26  15
   0  53  15
  18  53  15
  36  53  15
  54  53  15
  72  53  15
  90  53  15
 108  53  15
 126  53  15
 144  53  15
 162  53  15
 180  53  15
 198  53  15
 216  53  15
 234  53  15
 252  53  15
 270  53  15
 288  53  15
 306  53  15
 324  53  15
 342  53  15
  11  71  15
  29  71  15
  47  71  15
  65  71  15
  83  71  15
 101  71  15
 119  71  15
 137  71  15
 155  71  15
 173  71  15
 191  71  15
 209  71  15
 227  71  15
 245  71  15
 263  71  15
 281  71  15
 299  71  15
 317  71  15
 335  71  15
 353  71  15
   7  90  15
  25  90  15
  43  90  15
  61  90  15
  79  90  15
  97  90  15
 115  90  15
 133  90  15
 151  90  15
 169  90  15
 187  90  15
 205  90  15
 223  90  15
 241  90  15
 259  90  15
 277  90  15
 295  90  15
 313  90  15
 331  90  15
 349  90  15
   0 117  15
  18 117  15
  36 117  15
  54 117  15
  72 117  15
  90 117  15
 108 117  15
 126 117  15
 144 117  15
 162 117  15
 180 117  15
 198 117  15
 216 117  15
 234 117  15
 252 117  15
 270 117  15
 288 117  15
 306 117  15
 324 117  15
 342 117  15
  11 135  15
  29 135  15
  47 135  15
  65 135  15
  83 135  15
 101 135  15
 119 135  15
 137 135  15
 155 135  15
 173 135  15
 191 135  15
 209 135  15
 227 135  15
 245 135  15
 263 135  15
 281 135  15
 299 135  15
 317 135  15
 335 135  15
 353 135  15
   7 154  15
  25 154  15
  43 154  15
  61 154  15
  79 154  15
  97 154  15
 115 154  15
 133 154  15
 151 154  15
 169 154  15
 187 154  15
 205 154  15
 223 154  15
 241 154  15
 259 154  15
 277 154  15
 295 154  15
 313 154  15
 331 154  15
 349 154  15
   1 171  16
  19 171  16
  37 171  16
  55 171  16
  73 171  16
  91 171  16
 109 171  16
 127 171  16
 145 171  16
 163 171  16
 181 171  16
 199 171  16
 217 171  16
 235 171  16
 253 171  16
 271 171  16
 289 171  16
 307 171  16
 325 171  16
 343 171  16
   2  39  25
  20  39  25
  38  39  25
  56  39  25
  74  39  25
  92  39  25
 110  39  25
 128  39  25
 146  39  25
 164  39  25
 182  39  25
 200  39  25
 218  39  25
 236  39  25
 254  39  25
 272  39  25
 290  39  25
 308  39  25
 326  39  25
 344  39  25
   2 103  25
  20 103  25
  38 103  25
  56 103  25
  74 103  25
  92 103  25
 110 103  25
 128 103  25
 146 103  25
 164 103  25
 182 103  25
 200 103  25
 218 103  25
 236 103  25
 254 103  25
 272 103  25
 290 103  25
 308 103  25
 326 103  25
 344 103  25
   3  13  29
  21  13  29
  39  13  29
  57  13  29
  75  13  29
  93  13  29
 111  13  29
 129  13  29
 147  13  29
 165  13  29
 183  13  29
 201  13  29
 219  13  29
 237  13  29
 255  13  29
 273  13  29
 291  13  29
 309  13  29
 327  13  29
 345  13  29
  11  59  30
  29  59  30
  47  59  30
  65  59  30
  83  59  30
 101  59  30
 119  59  30
 137  59  30
 155  59  30
 173  59  30
 191  59  30
 209  59  30
 227  59  30
 245  59  30
 263  59  30
 281  59  30
 299  59  30
 317  59  30
 335  59  30
 353  59  30
   6  80  30
  24  80  30
  42  80  30
  60  80  30
  78  80  30
  96  80  30
 114  80  30
 132  80  30
 150  80  30
 168  80  30
 186  80  30
 204  80  30
 222  80  30
 240  80  30
 258  80  30
 276  80  30
 294  80  30
 312  80  30
 330  80  30
 348  80  30
  11 123  30
  29 123  30
  47 123  30
  65 123  30
  83 123  30
 101 123  30
 119 123  30
 137 123  30
 155 123  30
 173 123  30
 191 123  30
 209 123  30
 227 123  30
 245 123  30
 263 123  30
 281 123  30
 299 123  30
 317 123  30
 335 123  30
 353 123  30
   6 144  30
  24 144  30
  42 144  30
  60 144  30
  78 144  30
  96 144  30
 114 144  30
 132 144  30
 150 144  30
 168 144  30
 186 144  30
 204 144  30
 222 144  30
 240 144  30
 258 144  30
 276 144  30
 294 144  30
 312 144  30
 330 144  30
 348 144  30
  13 179  30
  31 179  30
  49 179  30
  67 179  30
  85 179  30
 103 179  30
 121 179  30
 139 179  30
 157 179  30
 175 179  30
 193 179  30
 211 179  30
 229 179  30
 247 179  30
 265 179  30
 283 179  30
 301 179  30
 319 179  30
 337 179  30
 355 179  30
   6 160  38
  24 160  38
  42 160  38
  60 160  38
  78 160  38
  96 160  38
 114 160  38
 132 160  38
 150 160  38
 168 160  38
 186 160  38
 204 160  38
 222 160  38
 240 160  38
 258 160  38
 276 160  38
 294 160  38
 312 160  38
 330 160  38
 348 160  38
   3  28  39
  21  28  39
  39  28  39
  57  28  39
  75  28  39
  93  28  39
 111  28  39
 129  28  39
 147  28  39
 165  28  39
 183  28  39
 201  28  39
 219  28  39
 237  28  39
 255  28  39
 273  28  39
 291  28  39
 309  28  39
 327  28  39
 345  28  39
   5  95  40
  23  95  40
  41  95  40
  59  95  40
  77  95  40
  95  95  40
 113  95  40
 131  95  40
 149  95  40
 167  95  40
 185  95  40
 203  95  40
 221  95  40
 239  95  40
 257  95  40
 275  95  40
 293  95  40
 311  95  40
 329  95  40
 347  95  40
   4   0  41
  22   0  41
  40   0  41
  58   0  41
  76   0  41
  94   0  41
 112   0  41
 130   0  41
 148   0  41
 166   0  41
 184   0  41
 202   0  41
 220   0  41
 238   0  41
 256   0  41
 274   0  41
 292   0  41
 310   0  41
 328   0  41
 346   0  41
   7  68  44
  25  68  44
  43  68  44
  61  68  44
  79  68  44
  97  68  44
 115  68  44
 133  68  44
 151  68  44
 169  68  44
 187  68  44
 205  68  44
 223  68  44
 241  68  44
 259  68  44
 277  68  44
 295  68  44
 313  68  44
 331  68  44
 349  68  44
   7 132  44
  25 132  44
  43 132  44
  61 132  44
  79 132  44
  97 132  44
 115 132  44
 133 132  44
 151 132  44
 169 132  44
 187 132  44
 205 132  44
 223 132  44
 241 132  44
 259 132  44
 277 132  44
 295 132  44
 313 132  44
 331 132  44
 349 132  44
   8 177  48
  26 177  48
  44 177  48
  62 177  48
  80 177  48
  98 177  48
 116 177  48
 134 177  48
 152 177  48
 170 177  48
 188 177  48
 206 177  48
 224 177  48
 242 177  48
 260 177  48
 278 177  48
 296 177  48
 314 177  48
 332 177  48
 350 177  48
   4  42  51
  22  42  51
  40  42  51
  58  42  51
  76  42  51
  94  42  51
 112  42  51
 130  42  51
 148  42  51
 166  42  51
 184  42  51
 202  42  51
 220  42  51
 238  42  51
 256  42  51
 274  42  51
 292  42  51
 310  42  51
 328  42  51
 346  42  51
   5 108  53
  23 108  53
  41 108  53
  59 108  53
  77 108  53
  95 108  53
 113 108  53
 131 108  53
 149 108  53
 167 108  53
 185 108  53
 203 108  53
 221 108  53
 239 108  53
 257 108  53
 275 108  53
 293 108  53
 311 108  53
 329 108  53
 347 108  53
   5  13  54
  23  13  54
  41  13  54
  59  13  54
  77  13  54
  95  13  54
 113  13  54
 131  13  54
 149  13  54
 167  13  54
 185  13  54
 203  13  54
 221  13  54
 239  13  54
 257  13  54
 275  13  54
 293  13  54
 311  13  54
 329  13  54
 347  13  54
  12 151  54
  30 151  54
  48 151  54
  66 151  54
  84 151  54
 102 151  54
 120 151  54
 138 151  54
 156 151  54
 174 151  54
 192 151  54
 210 151  54
 228 151  54
 246 151  54
 264 151  54
 282 151  54
 300 151  54
 318 151  54
 336 151  54
 354 151  54
   7  80  58
  25  80  58
  43  80  58
  61  80  58
  79  80  58
  97  80  58
 115  80  58
 133  80  58
 151  80  58
 169  80  58
 187  80  58
 205  80  58
 223  80  58
 241  80  58
 259  80  58
 277  80  58
 295  80  58
 313  80  58
 331  80  58
 349  80  58
   3 179  65
  21 179  65
  39 179  65
  57 179  65
  75 179  65
  93 179  65
 111 179  65
 129 179  65
 147 179  65
 165 179  65
 183 179  65
 201 179  65
 219 179  65
 237 179  65
 255 179  65
 273 179  65
 291 179  65
 309 179  65
 327 179  65
 345 179  65
  10  39  67
  28  39  67
  46  39  67
  64  39  67
  82  39  67
 100  39  67
 118  39  67
 136  39  67
 154  39  67
 172  39  67
 190  39  67
 208  39  67
 226  39  67
 244  39  67
 262  39  67
 280  39  67
 298  39  67
 316  39  67
 334  39  67
 352  39  67
   8 122  67
  26 122  67
  44 122  67
  62 122  67
  80 122  67
  98 122  67
 116 122  67
 134 122  67
 152 122  67
 170 122  67
 188 122  67
 206 122  67
 224 122  67
 242 122  67
 260 122  67
 278 122  67
 296 122  67
 314 122  67
 332 122  67
 350 122  67
   0   0  79
  18   0  79
  36   0  79
  54   0  79
  72   0  79
  90   0  79
 108   0  79
 126   0  79
 144   0  79
 162   0  79
 180   0  79
 198   0  79
 216   0  79
 234   0  79
 252   0  79
 270   0  79
 288   0  79
 306   0  79
 324   0  79
 342   0  79
   7 149  81
  25 149  81
  43 149  81
  61 149  81
  79 149  81
  97 149  81
 115 149  81
 133 149  81
 151 149  81
 169 149  81
 187 149  81
 205 149  81
 223 149  81
 241 149  81
 259 149  81
 277 149  81
 295 149  81
 313 149  81
 331 149  81
 349 149  81
  17  79 100
  35  79 100
  53  79 100
  71  79 100
  89  79 100
 107  79 100
 125  79 100
 143  79 100
 161  79 100
 179  79 100
 197  79 100
 215  79 100
 233  79 100
 251  79 100
 269  79 100
 287  79 100
 305  79 100
 323  79 100
 341  79 100
 359  79 100
  11 119 112
  29 119 112
  47 119 112
  65 119 112
  83 119 112
 101 119 112
 119 119 112
 137 119 112
 155 119 112
 173 119 112
 191 119 112
 209 119 112
 227 119 112
 245 119 112
 263 119 112
 281 119 112
 299 119 112
 317 119 112
 335 119 112
 353 119 112
  10  44 113
  28  44 113
  46  44 113
  64  44 113
  82  44 113
 100  44 113
 118  44 113
 136  44 113
 154  44 113
 172  44 113
 190  44 113
 208  44 113
 226  44 113
 244  44 113
 262  44 113
 280  44 113
 298  44 113
 316  44 113
 334  44 113
 352  44 113
   8 161 116
  26 161 116
  44 161 116
  62 161 116
  80 161 116
  98 161 116
 116 161 116
 134 161 116
 152 161 116
 170 161 116
 188 161 116
 206 161 116
 224 161 116
 242 161 116
 260 161 116
 278 161 116
 296 161 116
 314 161 116
 332 161 116
 350 161 116
  15  79 118
  33  79 118
  51  79 118
  69  79 118
  87  79 118
 105  79 118
 123  79 118
 141  79 118
 159  79 118
 177  79 118
 195  79 118
 213  79 118
 231  79 118
 249  79 118
 267  79 118
 285  79 118
 303  79 118
 321  79 118
 339  79 118
 357  79 118
   0  24 126
  18  24 126
  36  24 126
  54  24 126
  72  24 126
  90  24 126
 108  24 126
 126  24 126
 144  24 126
 162  24 126
 180  24 126
 198  24 126
 216  24 126
 234  24 126
 252  24 126
 270  24 126
 288  24 126
 306  24 126
 324  24 126
 342  24 126
  15 134 126
  33 134 126
  51 134 126
  69 134 126
  87 134 126
 105 134 126
 123 134 126
 141 134 126
 159 134 126
 177 134 126
 195 134 126
 213 134 126
 231 134 126
 249 134 126
 267 134 126
 285 134 126
 303 134 126
 321 134 126
 339 134 126
 357 134 126
   7 102 128
  25 102 128
  43 102 128
  61 102 128
  79 102 128
  97 102 128
 115 102 128
 133 102 128
 151 102 128
 169 102 128
 187 102 128
 205 102 128
 223 102 128
 241 102 128
 259 102 128
 277 102 128
 295 102 128
 313 102 128
 331 102 128
 349 102 128
  10  52 129
  28  52 129
  46  52 129
  64  52 129
  82  52 129
 100  52 129
 118  52 129
 136  52 129
 154  52 129
 172  52 129
 190  52 129
 208  52 129
 226  52 129
 244  52 129
 262  52 129
 280  52 129
 298  52 129
 316  52 129
 334  52 129
 352  52 129
  17 160 133
  35 160 133
  53 160 133
  71 160 133
  89 160 133
 107 160 133
 125 160 133
 143 160 133
 161 160 133
 179 160 133
 197 160 133
 215 160 133
 233 160 133
 251 160 133
 269 160 133
 287 160 133
 305 160 133
 323 160 133
 341 160 133
 359 160 133
   3  76 134
  21  76 134
  39  76 134
  57  76 134
  75  76 134
  93  76 134
 111  76 134
 129  76 134
 147  76 134
 165  76 134
 183  76 134
 201  76 134
 219  76 134
 237  76 134
 255  76 134
 273  76 134
 291  76 134
 309  76 134
 327  76 134
 345  76 134
  11 119 139
  29 119 139
  47 119 139
  65 119 139
  83 119 139
 101 119 139
 119 119 139
 137 119 139
 155 119 139
 173 119 139
 191 119 139
 209 119 139
 227 119 139
 245 119 139
 263 119 139
 281 119 139
 299 119 139
 317 119 139
 335 119 139
 353 119 139
  14  31 141
  32  31 141
  50  31 141
  68  31 141
  86  31 141
 104  31 141
 122  31 141
 140  31 141
 158  31 141
 176  31 141
 194  31 141
 212  31 141
 230  31 141
 248  31 141
 266  31 141
 284  31 141
 302  31 141
 320  31 141
 338  31 141
 356  31 141
  12 141 142
  30 141 142
  48 141 142
  66 141 142
  84 141 142
 102 141 142
 120 141 142
 138 141 142
 156 141 142
 174 141 142
 192 141 142
 210 141 142
 228 141 142
 246 141 142
 264 141 142
 282 141 142
 300 141 142
 318 141 142
 336 141 142
 354 141 142
  12  96 143
  30  96 143
  48  96 143
  66  96 143
  84  96 143
 102  96 143
 120  96 143
 138  96 143
 156  96 143
 174  96 143
 192  96 143
 210  96 143
 228  96 143
 246  96 143
 264  96 143
 282  96 143
 300  96 143
 318  96 143
 336  96 143
 354  96 143
   0  51 145
  18  51 145
  36  51 145
  54  51 145
  72  51 145
  90  51 145
 108  51 145
 126  51 145
 144  51 145
 162  51 145
 180  51 145
 198  51 145
 216  51 145
 234  51 145
 252  51 145
 270  51 145
 288  51 145
 306  51 145
 324  51 145
 342  51 145
   8 161 149
  26 161 149
  44 161 149
  62 161 149
  80 161 149
  98 161 149
 116 161 149
 134 161 149
 152 161 149
 170 161 149
 188 161 149
 206 161 149
 224 161 149
 242 161 149
 260 161 149
 278 161 149
 296 161 149
 314 161 149
 332 161 149
 350 161 149
   7  71 150
  25  71 150
  43  71 150
  61  71 150
  79  71 150
  97  71 150
 115  71 150
 133  71 150
 151  71 150
 169  71 150
 187  71 150
 205  71 150
 223  71 150
 241  71 150
 259  71 150
 277  71 150
 295  71 150
 313  71 150
 331  71 150
 349  71 150
  13  17 153
  31  17 153
  49  17 153
  67  17 153
  85  17 153
 103  17 153
 121  17 153
 139  17 153
 157  17 153
 175  17 153
 193  17 153
 211  17 153
 229  17 153
 247  17 153
 265  17 153
 283  17 153
 301  17 153
 319  17 153
 337  17 153
 355  17 153
  14 111 154
  32 111 154
  50 111 154
  68 111 154
  86 111 154
 104 111 154
 122 111 154
 140 111 154
 158 111 154
 176 111 154
 194 111 154
 212 111 154
 230 111 154
 248 111 154
 266 111 154
 284 111 154
 302 111 154
 320 111 154
 338 111 154
 356 111 154
  13 129 155
  31 129 155
  49 129 155
  67 129 155
  85 129 155
 103 129 155
 121 129 155
 139 129 155
 157 129 155
 175 129 155
 193 129 155
 211 129 155
 229 129 155
 247 129 155
 265 129 155
 283 129 155
 301 129 155
 319 129 155
 337 129 155
 355 129 155
   9  35 157
  27  35 157
  45  35 157
  63  35 157
  81  35 157
  99  35 157
 117  35 157
 135  35 157
 153  35 157
 171  35 157
 189  35 157
 207  35 157
 225  35 157
 243  35 157
 261  35 157
 279  35 157
 297  35 157
 315  35 157
 333  35 157
 351  35 157
   0  89 158
  18  89 158
  36  89 158
  54  89 158
  72  89 158
  90  89 158
 108  89 158
 126  89 158
 144  89 158
 162  89 158
 180  89 158
 198  89 158
 216  89 158
 234  89 158
 252  89 158
 270  89 158
 288  89 158
 306  89 158
 324  89 158
 342  89 158
  10 146 159
  28 146 159
  46 146 159
  64 146 159
  82 146 159
 100 146 159
 118 146 159
 136 146 159
 154 146 159
 172 146 159
 190 146 159
 208 146 159
 226 146 159
 244 146 159
 262 146 159
 280 146 159
 298 146 159
 316 146 159
 334 146 159
 352 146 159
  11  56 160
  29  56 160
  47  56 160
  65  56 160
  83  56 160
 101  56 160
 119  56 160
 137  56 160
 155  56 160
 173  56 160
 191  56 160
 209  56 160
 227  56 160
 245  56 160
 263  56 160
 281  56 160
 299  56 160
 317  56 160
 335  56 160
 353  56 160
   1 166 164
  19 166 164
  37 166 164
  55 166 164
  73 166 164
  91 166 164
 109 166 164
 127 166 164
 145 166 164
 163 166 164
 181 166 164
 199 166 164
 217 166 164
 235 166 164
 253 166 164
 271 166 164
 289 166 164
 307 166 164
 325 166 164
 343 166 164
   1   9 167
  19   9 167
  37   9 167
  55   9 167
  73   9 167
  91   9 167
 109   9 167
 127   9 167
 145   9 167
 163   9 167
 181   9 167
 199   9 167
 217   9 167
 235   9 167
 253   9 167
 271   9 167
 289   9 167
 307   9 167
 325   9 167
 343   9 167
   0  73 167
  18  73 167
  36  73 167
  54  73 167
  72  73 167
  90  73 167
 108  73 167
 126  73 167
 144  73 167
 162  73 167
 180  73 167
 198  73 167
 216  73 167
 234  73 167
 252  73 167
 270  73 167
 288  73 167
 306  73 167
 324  73 167
 342  73 167
  13 101 169
  31 101 169
  49 101 169
  67 101 169
  85 101 169
 103 101 169
 121 101 169
 139 101 169
 157 101 169
 175 101 169
 193 101 169
 211 101 169
 229 101 169
 247 101 169
 265 101 169
 283 101 169
 301 101 169
 319 101 169
 337 101 169
 355 101 169
   7 117 169
  25 117 169
  43 117 169
  61 117 169
  79 117 169
  97 117 169
 115 117 169
 133 117 169
 151 117 169
 169 117 169
 187 117 169
 205 117 169
 223 117 169
 241 117 169
 259 117 169
 277 117 169
 295 117 169
 313 117 169
 331 117 169
 349 117 169
  14  25 170
  32  25 170
  50  25 170
  68  25 170
  86  25 170
 104  25 170
 122  25 170
 140  25 170
 158  25 170
 176  25 170
 194  25 170
 212  25 170
 230  25 170
 248  25 170
 266  25 170
 284  25 170
 302  25 170
 320  25 170
 338  25 170
 356  25 170
   0  43 172
  18  43 172
  36  43 172
  54  43 172
  72  43 172
  90  43 172
 108  43 172
 126  43 172
 144  43 172
 162  43 172
 180  43 172
 198  43 172
 216  43 172
 234  43 172
 252  43 172
 270  43 172
 288  43 172
 306  43 172
 324  43 172
 342  43 172
   0 133 172
  18 133 172
  36 133 172
  54 133 172
  72 133 172
  90 133 172
 108 133 172
 126 133 172
 144 133 172
 162 133 172
 180 133 172
 198 133 172
 216 133 172
 234 133 172
 252 133 172
 270 133 172
 288 133 172
 306 133 172
 324 133 172
 342 133 172
   2 151 174
  20 151 174
  38 151 174
  56 151 174
  74 151 174
  92 151 174
 110 151 174
 128 151 174
 146 151 174
 164 151 174
 182 151 174
 200 151 174
 218 151 174
 236 151 174
 254 151 174
 272 151 174
 290 151 174
 308 151 174
 326 151 174
 344 151 174
   6  60 177
  24  60 177
  42  60 177
  60  60 177
  78  60 177
  96  60 177
 114  60 177
 132  60 177
 150  60 177
 168  60 177
 186  60 177
 204  60 177
 222  60 177
 240  60 177
 258  60 177
 276  60 177
 294  60 177
 312  60 177
 330  60 177
 348  60 177
  10  85 178
  28  85 178
  46  85 178
  64  85 178
  82  85 178
 100  85 178
 118  85 178
 136  85 178
 154  85 178
 172  85 178
 190  85 178
 208  85 178
 226  85 178
 244  85 178
 262  85 178
 280  85 178
 298  85 178
 316  85 178
 334  85 178
 352  85 178
  11 164 183
  29 164 183
  47 164 183
  65 164 183
  83 164 183
 101 164 183
 119 164 183
 137 164 183
 155 164 183
 173 164 183
 191 164 183
 209 164 183
 227 164 183
 245 164 183
 263 164 183
 281 164 183
 299 164 183
 317 164 183
 335 164 183
 353 164 183
  11  13 184
  29  13 184
  47  13 184
  65  13 184
  83  13 184
 101  13 184
 119  13 184
 137  13 184
 155  13 184
 173  13 184
 191  13 184
 209  13 184
 227  13 184
 245  13 184
 263  13 184
 281  13 184
 299  13 184
 317  13 184
 335  13 184
 353  13 184
   4 106 184
  22 106 184
  40 106 184
  58 106 184
  76 106 184
  94 106 184
 112 106 184
 130 106 184
 148 106 184
 166 106 184
 184 106 184
 202 106 184
 220 106 184
 238 106 184
 256 106 184
 274 106 184
 292 106 184
 310 106 184
 328 106 184
 346 106 184
   4  31 185
  22  31 185
  40  31 185
  58  31 185
  76  31 185
  94  31 185
 112  31 185
 130  31 185
 148  31 185
 166  31 185
 184  31 185
 202  31 185
 220  31 185
 238  31 185
 256  31 185
 274  31 185
 292  31 185
 310  31 185
 328  31 185
 346  31 185
  11 122 186
  29 122 186
  47 122 186
  65 122 186
  83 122 186
 101 122 186
 119 122 186
 137 122 186
 155 122 186
 173 122 186
 191 122 186
 209 122 186
 227 122 186
 245 122 186
 263 122 186
 281 122 186
 299 122 186
 317 122 186
 335 122 186
 353 122 186
   8 140 187
  26 140 187
  44 140 187
  62 140 187
  80 140 187
  98 140 187
 116 140 187
 134 140 187
 152 140 187
 170 140 187
 188 140 187
 206 140 187
 224 140 187
 242 140 187
 260 140 187
 278 140 187
 296 140 187
 314 140 187
 332 140 187
 350 140 187
  10  47 189
  28  47 189
  46  47 189
  64  47 189
  82  47 189
 100  47 189
 118  47 189
 136  47 189
 154  47 189
 172  47 189
 190  47 189
 208  47 189
 226  47 189
 244  47 189
 262  47 189
 280  47 189
 298  47 189
 316  47 189
 334  47 189
 352  47 189
  13  71 189
  31  71 189
  49  71 189
  67  71 189
  85  71 189
 103  71 189
 121  71 189
 139  71 189
 157  71 189
 175  71 189
 193  71 189
 211  71 189
 229  71 189
 247  71 189
 265  71 189
 283  71 189
 301  71 189
 319  71 189
 337  71 189
 355  71 189
   0  90 193
  18  90 193
  36  90 193
  54  90 193
  72  90 193
  90  90 193
 108  90 193
 126  90 193
 144  90 193
 162  90 193
 180  90 193
 198  90 193
 216  90 193
 234  90 193
 252  90 193
 270  90 193
 288  90 193
 306  90 193
 324  90 193
 342  90 193
   0   0 196
  18   0 196
  36   0 196
  54   0 196
  72   0 196
  90   0 196
 108   0 196
 126   0 196
 144   0 196
 162   0 196
 180   0 196
 198   0 196
 216   0 196
 234   0 196
 252   0 196
 270   0 196
 288   0 196
 306   0 196
 324   0 196
 342   0 196
   8 177 196
  26 177 196
  44 177 196
  62 177 196
  80 177 196
  98 177 196
 116 177 196
 134 177 196
 152 177 196
 170 177 196
 188 177 196
 206 177 196
 224 177 196
 242 177 196
 260 177 196
 278 177 196
 296 177 196
 314 177 196
 332 177 196
 350 177 196
   2 155 197
  20 155 197
  38 155 197
  56 155 197
  74 155 197
  92 155 197
 110 155 197
 128 155 197
 146 155 197
 164 155 197
 182 155 197
 200 155 197
 218 155 197
 236 155 197
 254 155 197
 272 155 197
 290 155 197
 308 155 197
 326 155 197
 344 155 197
   1  18 199
  19  18 199
  37  18 199
  55  18 199
  73  18 199
  91  18 199
 109  18 199
 127  18 199
 145  18 199
 163  18 199
 181  18 199
 199  18 199
 217  18 199
 235  18 199
 253  18 199
 271  18 199
 289  18 199
 307  18 199
 325  18 199
 343  18 199
  12 108 200
  30 108 200
  48 108 200
  66 108 200
  84 108 200
 102 108 200
 120 108 200
 138 108 200
 156 108 200
 174 108 200
 192 108 200
 210 108 200
 228 108 200
 246 108 200
 264 108 200
 282 108 200
 300 108 200
 318 108 200
 336 108 200
 354 108 200
   0 130 200
  18 130 200
  36 130 200
  54 130 200
  72 130 200
  90 130 200
 108 130 200
 126 130 200
 144 130 200
 162 130 200
 180 130 200
 198 130 200
 216 130 200
 234 130 200
 252 130 200
 270 130 200
 288 130 200
 306 130 200
 324 130 200
 342 130 200
   6  36 202
  24  36 202
  42  36 202
  60  36 202
  78  36 202
  96  36 202
 114  36 202
 132  36 202
 150  36 202
 168  36 202
 186  36 202
 204  36 202
 222  36 202
 240  36 202
 258  36 202
 276  36 202
 294  36 202
 312  36 202
 330  36 202
 348  36 202
  15  57 202
  33  57 202
  51  57 202
  69  57 202
  87  57 202
 105  57 202
 123  57 202
 141  57 202
 159  57 202
 177  57 202
 195  57 202
 213  57 202
 231  57 202
 249  57 202
 267  57 202
 285  57 202
 303  57 202
 321  57 202
 339  57 202
 357  57 202
   1  75 205
  19  75 205
  37  75 205
  55  75 205
  73  75 205
  91  75 205
 109  75 205
 127  75 205
 145  75 205
 163  75 205
 181  75 205
 199  75 205
 217  75 205
 235  75 205
 253  75 205
 271  75 205
 289  75 205
 307  75 205
 325  75 205
 343  75 205
   7 165 210
  25 165 210
  43 165 210
  61 165 210
  79 165 210
  97 165 210
 115 165 210
 133 165 210
 151 165 210
 169 165 210
 187 165 210
 205 165 210
 223 165 210
 241 165 210
 259 165 210
 277 165 210
 295 165 210
 313 165 210
 331 165 210
 349 165 210
   1  92 211
  19  92 211
  37  92 211
  55  92 211
  73  92 211
  91  92 211
 109  92 211
 127  92 211
 145  92 211
 163  92 211
 181  92 211
 199  92 211
 217  92 211
 235  92 211
 253  92 211
 271  92 211
 289  92 211
 307  92 211
 325  92 211
 343  92 211
   3 143 211
  21 143 211
  39 143 211
  57 143 211
  75 143 211
  93 143 211
 111 143 211
 129 143 211
 147 143 211
 165 143 211
 183 143 211
 201 143 211
 219 143 211
 237 143 211
 255 143 211
 273 143 211
 291 143 211
 309 143 211
 327 143 211
 345 143 211
   8   0 212
  26   0 212
  44   0 212
  62   0 212
  80   0 212
  98   0 212
 116   0 212
 134   0 212
 152   0 212
 170   0 212
 188   0 212
 206   0 212
 224   0 212
 242   0 212
 260   0 212
 278   0 212
 296   0 212
 314   0 212
 332   0 212
 350   0 212
  16 118 213
  34 118 213
  52 118 213
  70 118 213
  88 118 213
 106 118 213
 124 118 213
 142 118 213
 160 118 213
 178 118 213
 196 118 213
 214 118 213
 232 118 213
 250 118 213
 268 118 213
 286 118 213
 304 118 213
 322 118 213
 340 118 213
 358 118 213
   8  20 215
  26  20 215
  44  20 215
  62  20 215
  80  20 215
  98  20 215
 116  20 215
 134  20 215
 152  20 215
 170  20 215
 188  20 215
 206  20 215
 224  20 215
 242  20 215
 260  20 215
 278  20 215
 296  20 215
 314  20 215
 332  20 215
 350  20 215
  10  46 215
  28  46 215
  46  46 215
  64  46 215
  82  46 215
 100  46 215
 118  46 215
 136  46 215
 154  46 215
 172  46 215
 190  46 215
 208  46 215
 226  46 215
 244  46 215
 262  46 215
 280  46 215
 298  46 215
 316  46 215
 334  46 215
 352  46 215
  13  68 220
  31  68 220
  49  68 220
  67  68 220
  85  68 220
 103  68 220
 121  68 220
 139  68 220
 157  68 220
 175  68 220
 193  68 220
 211  68 220
 229  68 220
 247  68 220
 265  68 220
 283  68 220
 301  68 220
 319  68 220
 337  68 220
 355  68 220
   8 179 221
  26 179 221
  44 179 221
  62 179 221
  80 179 221
  98 179 221
 116 179 221
 134 179 221
 152 179 221
 170 179 221
 188 179 221
 206 179 221
 224 179 221
 242 179 221
 260 179 221
 278 179 221
 296 179 221
 314 179 221
 332 179 221
 350 179 221
   5 154 224
  23 154 224
  41 154 224
  59 154 224
  77 154 224
  95 154 224
 113 154 224
 131 154 224
 149 154 224
 167 154 224
 185 154 224
 203 154 224
 221 154 224
 239 154 224
 257 154 224
 275 154 224
 293 154 224
 311 154 224
 329 154 224
 347 154 224
   4 101 225
  22 101 225
  40 101 225
  58 101 225
  76 101 225
  94 101 225
 112 101 225
 130 101 225
 148 101 225
 166 101 225
 184 101 225
 202 101 225
 220 101 225
 238 101 225
 256 101 225
 274 101 225
 292 101 225
 310 101 225
 328 101 225
 346 101 225
   0 129 226
  18 129 226
  36 129 226
  54 129 226
  72 129 226
  90 129 226
 108 129 226
 126 129 226
 144 129 226
 162 129 226
 180 129 226
 198 129 226
 216 129 226
 234 129 226
 252 129 226
 270 129 226
 288 129 226
 306 129 226
 324 129 226
 342 129 226
   0   0 228
  18   0 228
  36   0 228
  54   0 228
  72   0 228
  90   0 228
 108   0 228
 126   0 228
 144   0 228
 162   0 228
 180   0 228
 198   0 228
 216   0 228
 234   0 228
 252   0 228
 270   0 228
 288   0 228
 306   0 228
 324   0 228
 342   0 228
   9  32 228
  27  32 228
  45  32 228
  63  32 228
  81  32 228
  99  32 228
 117  32 228
 135  32 228
 153  32 228
 171  32 228
 189  32 228
 207  32 228
 225  32 228
 243  32 228
 261  32 228
 279  32 228
 297  32 228
 315  32 228
 333  32 228
 351  32 228
  14  79 234
  32  79 234
  50  79 234
  68  79 234
  86  79 234
 104  79 234
 122  79 234
 140  79 234
 158  79 234
 176  79 234
 194  79 234
 212  79 234
 230  79 234
 248  79 234
 266  79 234
 284  79 234
 302  79 234
 320  79 234
 338  79 234
 356  79 234
   3 168 237
  21 168 237
  39 168 237
  57 168 237
  75 168 237
  93 168 237
 111 168 237
 129 168 237
 147 168 237
 165 168 237
 183 168 237
 201 168 237
 219 168 237
 237 168 237
 255 168 237
 273 168 237
 291 168 237
 309 168 237
 327 168 237
 345 168 237
   3 113 239
  21 113 239
  39 113 239
  57 113 239
  75 113 239
  93 113 239
 111 113 239
 129 113 239
 147 113 239
 165 113 239
 183 113 239
 201 113 239
 219 113 239
 237 113 239
 255 113 239
 273 113 239
 291 113 239
 309 113 239
 327 113 239
 345 113 239
  15  15 241
  33  15 241
  51  15 241
  69  15 241
  87  15 241
 105  15 241
 123  15 241
 141  15 241
 159  15 241
 177  15 241
 195  15 241
 213  15 241
 231  15 241
 249  15 241
 267  15 241
 285  15 241
 303  15 241
 321  15 241
 339  15 241
 357  15 241
   9  52 242
  27  52 242
  45  52 242
  63  52 242
  81  52 242
  99  52 242
 117  52 242
 135  52 242
 153  52 242
 171  52 242
 189  52 242
 207  52 242
 225  52 242
 243  52 242
 261  52 242
 279  52 242
 297  52 242
 315  52 242
 333  52 242
 351  52 242
   5 140 250
  23 140 250
  41 140 250
  59 140 250
  77 140 250
  95 140 250
 113 140 250
 131 140 250
 149 140 250
 167 140 250
 185 140 250
 203 140 250
 221 140 250
 239 140 250
 257 140 250
 275 140 250
 293 140 250
 311 140 250
 329 140 250
 347 140 250
   8  82 253
  26  82 253
  44  82 253
  62  82 253
  80  82 253
  98  82 253
 116  82 253
 134  82 253
 152  82 253
 170  82 253
 188  82 253
 206  82 253
 224  82 253
 242  82 253
 260  82 253
 278  82 253
 296  82 253
 314  82 253
 332  82 253
 350  82 253
   2   0 256
  20   0 256
  38   0 256
  56   0 256
  74   0 256
  92   0 256
 110   0 256
 128   0 256
 146   0 256
 164   0 256
 182   0 256
 200   0 256
 218   0 256
 236   0 256
 254   0 256
 272   0 256
 290   0 256
 308   0 256
 326   0 256
 344   0 256
  14 177 264
  32 177 264
  50 177 264
  68 177 264
  86 177 264
 104 177 264
 122 177 264
 140 177 264
 158 177 264
 176 177 264
 194 177 264
 212 177 264
 230 177 264
 248 177 264
 266 177 264
 284 177 264
 302 177 264
 320 177 264
 338 177 264
 356 177 264
   2  91 284
  20  91 284
  38  91 284
  56  91 284
  74  91 284
  92  91 284
 110  91 284
 128  91 284
 146  91 284
 164  91 284
 182  91 284
 200  91 284
 218  91 284
 236  91 284
 254  91 284
 272  91 284
 290  91 284
 308  91 284
 326  91 284
 344  91 284
   0  20 291
  18  20 291
  36  20 291
  54  20 291
  72  20 291
  90  20 291
 108  20 291
 126  20 291
 144  20 291
 162  20 291
 180  20 291
 198  20 291
 216  20 291
 234  20 291
 252  20 291
 270  20 291
 288  20 291
 306  20 291
 324  20 291
 342  20 291
  10 130 294
  28 130 294
  46 130 294
  64 130 294
  82 130 294
 100 130 294
 118 130 294
 136 130 294
 154 130 294
 172 130 294
 190 130 294
 208 130 294
 226 130 294
 244 130 294
 262 130 294
 280 130 294
 298 130 294
 316 130 294
 334 130 294
 352 130 294
  12  56 297
  30  56 297
  48  56 297
  66  56 297
  84  56 297
 102  56 297
 120  56 297
 138  56 297
 156  56 297
 174  56 297
 192  56 297
 210  56 297
 228  56 297
 246  56 297
 264  56 297
 282  56 297
 300  56 297
 318  56 297
 336  56 297
 354  56 297
  10  91 300
  28  91 300
  46  91 300
  64  91 300
  82  91 300
 100  91 300
 118  91 300
 136  91 300
 154  91 300
 172  91 300
 190  91 300
 208  91 300
 226  91 300
 244  91 300
 262  91 300
 280  91 300
 298  91 300
 316  91 300
 334  91 300
 352  91 300
  15 155 304
  33 155 304
  51 155 304
  69 155 304
  87 155 304
 105 155 304
 123 155 304
 141 155 304
 159 155 304
 177 155 304
 195 155 304
 213 155 304
 231 155 304
 249 155 304
 267 155 304
 285 155 304
 303 155 304
 321 155 304
 339 155 304
 357 155 304
   9  19 307
  27  19 307
  45  19 307
  63  19 307
  81  19 307
  99  19 307
 117  19 307
 135  19 307
 153  19 307
 171  19 307
 189  19 307
 207  19 307
 225  19 307
 243  19 307
 261  19 307
 279  19 307
 297  19 307
 315  19 307
 333  19 307
 351  19 307
   0 114 309
  18 114 309
  36 114 309
  54 114 309
  72 114 309
  90 114 309
 108 114 309
 126 114 309
 144 114 309
 162 114 309
 180 114 309
 198 114 309
 216 114 309
 234 114 309
 252 114 309
 270 114 309
 288 114 309
 306 114 309
 324 114 309
 342 114 309
  15  44 312
  33  44 312
  51  44 312
  69  44 312
  87  44 312
 105  44 312
 123  44 312
 141  44 312
 159  44 312
 177  44 312
 195  44 312
 213  44 312
 231  44 312
 249  44 312
 267  44 312
 285  44 312
 303  44 312
 321  44 312
 339  44 312
 357  44 312
  15  74 312
  33  74 312
  51  74 312
  69  74 312
  87  74 312
 105  74 312
 123  74 312
 141  74 312
 159  74 312
 177  74 312
 195  74 312
 213  74 312
 231  74 312
 249  74 312
 267  74 312
 285  74 312
 303  74 312
 321  74 312
 339  74 312
 357  74 312
   0 139 316
  18 139 316
  36 139 316
  54 139 316
  72 139 316
  90 139 316
 108 139 316
 126 139 316
 144 139 316
 162 139 316
 180 139 316
 198 139 316
 216 139 316
 234 139 316
 252 139 316
 270 139 316
 288 139 316
 306 139 316
 324 139 316
 342 139 316
   5  96 319
  23  96 319
  41  96 319
  59  96 319
  77  96 319
  95  96 319
 113  96 319
 131  96 319
 149  96 319
 167  96 319
 185  96 319
 203  96 319
 221  96 319
 239  96 319
 257  96 319
 275  96 319
 293  96 319
 311  96 319
 329  96 319
 347  96 319
  13 159 322
  31 159 322
  49 159 322
  67 159 322
  85 159 322
 103 159 322
 121 159 322
 139 159 322
 157 159 322
 175 159 322
 193 159 322
 211 159 322
 229 159 322
 247 159 322
 265 159 322
 283 159 322
 301 159 322
 319 159 322
 337 159 322
 355 159 322
  16  21 323
  34  21 323
  52  21 323
  70  21 323
  88  21 323
 106  21 323
 124  21 323
 142  21 323
 160  21 323
 178  21 323
 196  21 323
 214  21 323
 232  21 323
 250  21 323
 268  21 323
 286  21 323
 304  21 323
 322  21 323
 340  21 323
 358  21 323
  14  58 324
  32  58 324
  50  58 324
  68  58 324
  86  58 324
 104  58 324
 122  58 324
 140  58 324
 158  58 324
 176  58 324
 194  58 324
 212  58 324
 230  58 324
 248  58 324
 266  58 324
 284  58 324
 302  58 324
 320  58 324
 338  58 324
 356  58 324
   5 120 324
  23 120 324
  41 120 324
  59 120 324
  77 120 324
  95 120 324
 113 120 324
 131 120 324
 149 120 324
 167 120 324
 185 120 324
 203 120 324
 221 120 324
 239 120 324
 257 120 324
 275 120 324
 293 120 324
 311 120 324
 329 120 324
 347 120 324
  14  39 329
  32  39 329
  50  39 329
  68  39 329
  86  39 329
 104  39 329
 122  39 329
 140  39 329
 158  39 329
 176  39 329
 194  39 329
 212  39 329
 230  39 329
 248  39 329
 266  39 329
 284  39 329
 302  39 329
 320  39 329
 338  39 329
 356  39 329
   7  78 329
  25  78 329
  43  78 329
  61  78 329
  79  78 329
  97  78 329
 115  78 329
 133  78 329
 151  78 329
 169  78 329
 187  78 329
 205  78 329
 223  78 329
 241  78 329
 259  78 329
 277  78 329
 295  78 329
 313  78 329
 331  78 329
 349  78 329
   8 139 332
  26 139 332
  44 139 332
  62 139 332
  80 139 332
  98 139 332
 116 139 332
 134 139 332
 152 139 332
 170 139 332
 188 139 332
 206 139 332
 224 139 332
 242 139 332
 260 139 332
 278 139 332
 296 139 332
 314 139 332
 332 139 332
 350 139 332
  11 101 334
  29 101 334
  47 101 334
  65 101 334
  83 101 334
 101 101 334
 119 101 334
 137 101 334
 155 101 334
 173 101 334
 191 101 334
 209 101 334
 227 101 334
 245 101 334
 263 101 334
 281 101 334
 299 101 334
 317 101 334
 335 101 334
 353 101 334
  12  12 337
  30  12 337
  48  12 337
  66  12 337
  84  12 337
 102  12 337
 120  12 337
 138  12 337
 156  12 337
 174  12 337
 192  12 337
 210  12 337
 228  12 337
 246  12 337
 264  12 337
 282  12 337
 300  12 337
 318  12 337
 336  12 337
 354  12 337
   5 157 338
  23 157 338
  41 157 338
  59 157 338
  77 157 338
  95 157 338
 113 157 338
 131 157 338
 149 157 338
 167 157 338
 185 157 338
 203 157 338
 221 157 338
 239 157 338
 257 157 338
 275 157 338
 293 157 338
 311 157 338
 329 157 338
 347 157 338
   3  63 339
  21  63 339
  39  63 339
  57  63 339
  75  63 339
  93  63 339
 111  63 339
 129  63 339
 147  63 339
 165  63 339
 183  63 339
 201  63 339
 219  63 339
 237  63 339
 255  63 339
 273  63 339
 291  63 339
 309  63 339
 327  63 339
 345  63 339
  14 117 340
  32 117 340
  50 117 340
  68 117 340
  86 117 340
 104 117 340
 122 117 340
 140 117 340
 158 117 340
 176 117 340
 194 117 340
 212 117 340
 230 117 340
 248 117 340
 266 117 340
 284 117 340
 302 117 340
 320 117 340
 338 117 340
 356 117 340
   8  30 343
  26  30 343
  44  30 343
  62  30 343
  80  30 343
  98  30 343
 116  30 343
 134  30 343
 152  30 343
 170  30 343
 188  30 343
 206  30 343
 224  30 343
 242  30 343
 260  30 343
 278  30 343
 296  30 343
 314  30 343
 332  30 343
 350  30 343
  14  85 344
  32  85 344
  50  85 344
  68  85 344
  86  85 344
 104  85 344
 122  85 344
 140  85 344
 158  85 344
 176  85 344
 194  85 344
 212  85 344
 230  85 344
 248  85 344
 266  85 344
 284  85 344
 302  85 344
 320  85 344
 338  85 344
 356  85 344